82.6201549454
72.1360882282
64.7902096529
61.8534468889
54.7590456324
48.0706818695
40.6360959835
38.2092253599
33.605742981
35.1118551521
34.2776394472
31.0652077589
31.1689557371
27.7063664322
27.8747102938
25.8039112587
29.2699225645
23.3259115934
22.8145050001
21.7345347457
20.4943305359
18.4669051042
18.5717221222
17.263253583
16.3322914081
16.5334653692
15.7073789897
15.4085434036
14.8940341969
14.1104588203
13.4427613463
14.2795138917
12.9962099223
12.8212115374
11.8292506948
13.3344698567
11.6871940656
12.0545839729
12.3730999789
10.967764308
11.1550685372
10.3390707612
11.6594963188
10.2339863915
10.4616087575
9.68858831882
9.90109933615
10.4586123405
9.51450893354
9.76705967855
8.68984287691
9.49327858639
9.21619654369
8.69201695585
9.01920668221
8.19483883333
7.82794438219
8.27596268702
8.02282983685
7.74753404236
7.92146378279
7.53554238081
7.38850812817
7.21322487354
7.50178736424
8.00768534184
7.30916094398
7.32578350782
7.61790647745
7.02500455618
7.46856578588
7.36033431292
6.83462232208
6.94200361109
7.68092642021
6.88620089912
7.23066954899
6.78346808958
7.06223796082
6.84536870122
7.05861275268
6.79950195312
6.7840798111
6.7845029943
6.98162263608
6.97290763712
6.60606106377
6.8493596065
6.61840768194
6.82421237588
6.80417046785
6.54631795812
7.17236530042
6.67427702403
6.92994031739
6.42868620729
7.12407561755
6.6228040812
6.72032000828
6.59804473901
6.54182542181
6.75886419487
6.16601796651
6.09963595939
6.53348340631
6.26753407025
6.14968761539
6.59141586804
6.3211724577
6.24010876966
6.41061103153
6.25991137075
6.50986051679
6.61869250584
6.43695780182
6.4820979712
6.59521648884
6.13147719693
6.35352046514
6.25005329728
6.38574226761
6.55507436585
6.27167751956
6.41400036764
6.39097101927
6.33230828595
6.15078138065
6.05993327355
5.92414055419
6.62347160482
6.52670272017
6.13217666221
6.28065467882
6.63920562553
6.29858714724
6.318903193
6.15836180902
6.2784754715
6.38442420578
6.04655322313
6.76096755075
6.136542238
6.12642390275
6.44023548484
6.5385634377
6.37832753062
6.03817722535
6.22230371284
6.08854612708
6.13646884775
6.27741060042
6.01726214027
6.20360957885
6.21158350754
6.7813675468
6.35689609337
6.0127298677
5.94761185575
6.11663608885
6.16477831864
6.35544066191
6.04752543044
6.2443347764
6.32163019848
6.33062313223
6.47693397117
5.97676802969
5.86517025399
6.02740020084
6.65876272583
6.14851584935
6.21800946689
5.87383074474
6.16729898429
6.12215741873
6.01128636074
6.1964345715
6.04133989716
6.47006084299
6.09211877108
5.74612331247
6.45901854491
5.84514882612
6.06734507322
6.09928667021
6.3286155684
6.12276506567
6.30880190134
6.04411374927
6.30209727597
6.04122772408
6.34446294045
6.09232257605
5.93057023287
5.99918666005
5.96299195242
6.06539651012
6.26151814246
6.20609431386
6.12081869292
6.58691467452
5.93155557203
6.3191789124
6.13704696465
6.428055197
5.78048500991
6.28881714869
6.32735626769
6.14256811094
6.13610620666
6.20489361596
6.33690688968
6.01832801986
6.13116700578
5.81948343253
5.95183600116
6.13946784878
6.08483695412
6.0766852603
6.15813168669
6.5345011425
6.00900269461
6.05190281224
6.61122336602
5.88591604328
6.63049596381
5.97032382035
5.91812634826
5.74232664013
6.19353842306
6.30341354012
5.81024457598
5.95163116789
6.34292293882
6.4013101716
6.13469428825
6.08359528232
5.83153315973
6.50525902343
6.15750056982
5.8822177403
6.28426263785
6.14331644297
6.1805468123
6.00391380239
6.31897113657
5.95664698863
5.86133296514
6.3373422668
6.47621821284
6.1151015656
6.11410364175
5.82785762143
6.04995921755
6.04540180683
5.88172088838
6.15998165774
6.0441928401
5.87887089491
6.49434816098
5.75989803624
6.23620558238
6.11256841373
6.07923332453
6.16022922587
6.12714357138
6.18547549534
6.04056169534
6.17130882835
6.11437729192
6.12769092441
5.95750887871
5.68390432286
5.74187750077
6.06236413383
6.26027185535
6.12822662878
6.09980632925
6.3147116158
6.36526493359
6.21724680614
5.87811461616
5.98973786116
5.9154913044
6.05428051972
6.22352723241
6.40230278015
5.92402602887
6.00517694592
6.08325399399
6.15041084003
6.10387806606
6.06588495398
6.2601656661
5.99504409552
5.97390642214
5.93043217397
6.1790950923
5.76077252221
6.17230344558
6.33677033162
6.50932717824
6.11072972536
5.94505266261
6.21720016956
5.98849263215
6.41837240314
6.27680085063
6.58544509006
5.90462289953
6.05956428075
6.17971734142
5.92112897921
6.01739080906
5.98796493912
5.91079012704
6.32143279386
6.09535894227
6.05260386014
6.27758765745
5.84728174424
5.82480213022
6.01405530262
6.40666432381
6.06277097487
6.15540868068
6.2016872468
6.0791477468
6.39768377686
5.68132719016
5.91389372277
5.96988234282
5.81765044618
5.90863747597
5.74772783113
6.21995337319
6.44895619035
6.46816816187
5.87384138656
5.93622592425
5.8969515152
6.05361225057
6.07656725073
6.09635834694
5.60308503842
5.79273280931
6.11513786554
6.135304461
6.33318154573
6.16199566507
5.73569363046
5.81670155382
6.32035237193
6.08461656356
6.380316679
6.14435581923
6.67390091777
5.80603875685
5.9743343482
6.2465770483
6.0535992527
5.91275590706
5.91164760876
6.0402470293
6.31575375938
6.0628583622
5.93556397009
5.85125397635
5.76695963955
5.76655849433
6.56740457654
6.1767079761
6.12567894554
6.14992456317
5.96058507967
6.06609164977
6.14699042916
5.93878656626
6.20830057621
6.38144102216
5.85079060578
6.27807605958
5.8556886847
5.98348451471
6.10656961656
5.93913075304
6.17014975142
5.88865331173
6.26680585551
5.91852476597
6.05706105924
5.98399274468
5.9565209949
6.39163264894
5.67371599698
5.97014195776
5.84847294569
6.09485450888
6.06967519975
6.12190361285
6.11186882544
6.08273212218
5.72488987684
5.93855468082
6.55472096324
6.21765969348
6.26720493627
6.25656722617
5.89955549479
5.78661452603
5.97938149047
6.38308948565
5.75942277598
6.19036579585
5.88237238526
5.85762815237
6.08020377183
6.12807422686
6.02012988877
5.99926106763
5.91591973519
6.38513235521
5.95619292927
6.08163776922
6.05341879749
5.84796241188
6.07759611535
6.12672595954
6.010536515
5.8169871254
6.13430015755
6.2216521132
5.89267679238
6.31984090614
6.01585201192
5.99351008558
6.03088873792
6.15091118264
5.86165946817
5.88591973352
6.10660975981
5.99376802015
5.66690108466
5.86745065618
5.79142367029
6.03468835092
6.10991242886
5.83309441996
6.23827426839
5.96905424881
5.91337142467
6.34891258454
5.86788105512
6.35664676952
6.15861224008
6.07425593019
5.78919749355
5.78178645277
6.18446971941
6.3089351964
6.14963101935
5.91116737556
5.97981665874
5.99756807327
5.65592896485
6.17596967745
6.04212655067
6.47036116147
6.02615885544
6.27479588819
5.9691822021
6.05595943475
6.50823757887
6.31224907327
5.77261415148
6.25306092691
6.04771415281
6.08156561971
6.08888501358
5.92807084537
6.21169901156
5.76968875384
5.73578209376
6.13231330609
5.86115271235
5.9121528914
5.82971254492
6.21369622302
5.78533203912
6.00434469271
6.10569208741
6.06768339419
6.07459698701
6.13612631798
5.81335558724
6.16416628599
6.21746845484
5.92608708477
5.86826343679
5.89674096847
5.93457379627
5.92383796597
5.98564386201
6.02131517577
6.05211677504
6.06353559828
6.26480444503
5.92655674052
5.67347260499
5.81938713241
6.01249278355
6.04488159227
5.87809326148
5.7119275043
5.9560280149
6.14326412725
5.86086024046
5.59219867086
6.31104410076
5.84883767581
5.94384686255
5.93608857298
5.96057289386
6.06476049423
5.78000477552
6.05914490128
6.25533607531
5.89503558016
6.29837670469
5.81235639095
6.17590821791
5.74978490686
6.01746930146
6.20663837838
5.58532838273
5.91740568686
6.01483883071
6.02647922969
5.78307061625
5.80106248116
5.90971512771
5.82097732687
5.96054908991
6.40983469701
5.55050155878
6.04449845886
6.35251117253
5.9057106967
6.15450407648
5.68570523691
5.76891078758
6.18773284841
5.83889771152
5.77926920843
6.10097388291
5.86567817235
6.07053519177
6.0565804472
5.98570265198
5.89813601303
6.16179274368
6.09337268543
5.96421035838
6.05593187761
6.14927471566
6.07452846479
6.11236893392
5.48882301927
6.37364457202
5.67373948073
5.57745746136
6.05564881706
5.75036515164
5.90632232714
6.09499672246
5.83115666056
6.26493848729
5.8685481832
6.36870353079
6.09407832766
5.86510335422
5.85034946847
6.06394681096
5.99159567285
5.97099697351
5.89434201121
6.42351161098
5.60192170286
6.06257053518
6.09286994576
5.88441476083
5.95484236097
5.78554866648
6.19258123064
6.10445546794
6.27633885217
5.63411309147
6.49215828633
6.05549927807
6.12722318029
5.98577390122
6.36375040197
5.94672541761
5.72302334571
5.5377366488
6.03537936306
5.7778369441
5.96675853848
5.86548971987
5.73138696313
5.67998609567
6.2003164103
5.75064630008
6.05336729026
6.075749856
6.19123486733
5.93751161265
5.84561591554
5.59049611521
6.16054312062
5.68980098939
6.2642564311
6.21440329051
5.93695257211
6.19087810564
5.72178092551
5.72572539639
5.87022828317
6.09054480958
5.82290554237
6.12489599657
5.95935896611
5.79013020205
5.7602600596
6.22726422572
5.96214317679
5.77996620226
5.8591176548
5.65478610969
6.31300948191
5.99481630278
5.88208862567
6.17326651812
5.68002321434
6.10243471932
6.16816193175
5.84019883752
6.50603202271
5.80565386152
6.0160712955
5.77600733232
6.02310151625
6.03679798222
5.75519370174
5.93917355704
6.2215279355
6.003996387
5.96666820455
5.79372586393
5.95997624254
5.90580142784
6.04152138948
5.808835886
5.8622898922
6.05294232273
6.09390401721
5.82825639272
6.02271481419
6.1675767107
5.78302323174
6.04920296836
5.74626043558
5.88967270875
5.85525285649
5.76968357325
5.93304515982
5.97352185607
5.82971106625
6.00705458856
6.09451285219
6.16898795867
5.99714440155
6.02499899387
5.92029785252
5.95768974805
5.95259826636
6.13296962547
6.26212271976
5.84198900843
6.06373102427
5.86549560523
5.79171174431
5.71399851847
5.82894727015
6.14619911361
5.97917826128
6.26264157176
5.91147236466
5.90090722394
6.00381620812
5.86250852084
5.8209481318
5.98073647928
5.65493542385
5.80440874124
5.85770429993
5.80717132092
6.18968513489
5.95259747076
5.92540071368
5.5376145525
5.79495287156
5.79341787195
6.10873047471
5.82278752685
5.72614918089
5.96465212655
5.75948675299
5.93610364199
5.82531453514
5.7440396688
6.34347993207
5.96770163655
5.72257613587
5.79701605463
5.96047598767
5.93100424027
6.09468816257
5.61069052839
6.01871986556
5.6166013248
5.9394080255
6.2171140976
5.92222067285
5.87695660114
5.57634084058
5.74712516379
5.72370605659
5.81348680687
6.12562676954
6.21151590705
5.84977479315
5.96926728511
5.73858259034
5.86922974753
5.84479087996
5.93099116516
5.83730078244
5.83855417109
5.82402157593
6.05830041289
5.92771843338
5.85210732412
5.89935272503
5.70377233315
5.77246155858
5.96601973534
5.96750249839
5.73686583638
5.76741225433
6.26761980677
5.95180991197
5.74015058756
5.93229428506
5.80452381134
5.96265521669
5.88466402936
5.68344167137
6.23050965762
5.97758780599
5.84794189644
6.13055663896
5.51174226546
5.99376626205
6.07717375207
5.98678571343
6.40322771454
5.86558644009
5.89251841903
5.76218294573
5.84764263248
5.75757007074
6.19794695401
5.97919809246
5.94498764801
5.83699271011
5.72963508606
5.9647917757
5.80905027342
5.85818663955
6.20003484607
5.9622163856
5.86383302903
6.07437982678
5.71848773146
5.65881271887
5.88728912759
5.94443176317
6.20261311579
5.77945135546
6.12810874891
5.63463204455
5.58198594761
6.10119975591
5.93211322355
5.89159278727
6.04181718516
5.90501562095
5.89171411824
5.95440305877
5.87668245482
5.90652421165
6.05324332047
6.03446966672
5.90560617685
5.55813791633
6.25285742998
5.88550314426
5.95203007579
6.02196342111
5.85640872669
6.0293537755
5.77472882152
5.8125196631
6.02585117054
5.85240578938
6.36906513619
5.85581477833
5.72436215782
5.88889298368
5.60991500163
5.67162142563
5.9750608561
5.79081382632
5.57570113039
5.96252825284
6.05575823712
6.30916078258
5.81373964858
5.85875235724
5.62802757454
5.59519342518
5.97613047028
6.09772181845
6.03351742053
6.00951827455
5.63857621789
5.88658060765
5.89034284306
5.84773988414
5.89327157807
5.77164798093
6.06272635794
6.29271530342
5.93083643985
5.86823906016
5.92646441293
5.55906892586
5.67508885431
6.34289738512
6.26330246425
5.85492296481
6.72856881237
5.82832502007
5.90663292408
5.81562278247
6.07749851513
5.74138108897
5.94241057014
5.71104537892
6.05701977277
5.77496634078
5.82839811683
5.87236925888
6.02946559334
6.4540562079
5.94636397147
6.09356477928
5.51682101655
6.16616847181
6.18853146911
6.04568588996
5.78108357596
5.85340243578
5.63603704405
5.77403146124
6.06718467689
6.0455377152
5.8221229043
6.04469200659
6.00770201755
5.66089932728
5.44899834156
5.61893321991
5.78813701105
6.19960892844
5.90103720427
5.53360689664
5.86180439258
5.5732162981
5.61516950774
6.13836588764
5.65761498785
5.8363256104
5.7101786294
5.424537292
5.87249273777
5.63716868901
6.04926750684
5.75415776825
5.86768885517
5.6744521265
5.9572385056
6.03361791229
5.77004121423
6.32531291652
5.83308318615
5.85174372864
5.73374854827
6.1546267643
5.88035938478
5.63958535075
6.18163495541
6.06665119171
5.55960159659
6.11342808604
5.56820641518
5.92510692167
5.42994602013
6.10154956532
5.91508225679
5.93988011289
5.7470763495
5.92478237653
5.41075280809
6.37362398219
6.06942535233
6.09022248745
6.05690555692
5.66741077662
5.65342957449
5.72563105202
5.88485864568
5.71628997064
5.9387996192
6.00534673595
5.73287961221
5.81754447937
5.69879794288
5.86267811799
5.49789105058
5.59587915897
5.56836638832
5.81892860031
5.71080419993
5.91990047264
5.93905379772
6.02922595501
5.8207360673
5.77980926347
6.10181188464
5.97435896325
5.74474482894
6.06028927279
5.69200281215
5.87334407282
5.91316099286
5.71754531837
5.73314947057
6.0814920516
5.77844512391
5.65096675301
6.29417832541
5.80531632495
5.84624914646
5.91437948298
5.6512288177
5.90094839025
6.02882198572
5.78676681972
5.85723064899
5.86891559768
5.39479906178
5.62628019667
6.34925251102
5.5926762476
5.92022515059
5.9793046124
5.88295331407
6.16325802183
5.79868508148
5.58525268054
5.99127825332
5.95567603612
5.82045628881
5.76748866153
5.84137589812
5.84805808902
5.81735534692
5.78921682429
