5.71238713431
4.43040484893
4.42265905952
4.42620710731
4.09182740498
2.96824443591
2.87499696779
2.804051283
2.72146220005
2.68118671894
2.2621808753
2.25302407789
2.20748345757
2.18295530283
2.1159421972
1.90848536873
1.84066581511
1.76642707896
1.71029288733
1.64361328495
1.50809670782
1.45615675116
1.41523595691
1.36966278195
1.33701383269
1.26194926375
1.23757020503
1.20558371294
1.18370462775
1.16921186644
1.13493597692
1.11154953945
1.09060548002
1.08539833039
1.07183232558
1.04026608425
1.02710097849
1.02300625145
1.01789481753
1.00186103755
0.988060301542
0.974153464556
0.968632334113
0.971345609844
0.953541464329
0.938063376248
0.932579837382
0.934782175481
0.929227514148
0.918899353921
0.906774906933
0.915332052648
0.90356325388
0.889346188545
0.892919896364
0.88146111697
0.880500913262
0.874658767819
0.866494636714
0.863381748378
0.856146935642
0.850264978647
0.849157675624
0.84828372848
0.845571802795
0.835178346574
0.83099816969
0.83359454304
0.827611827791
0.820103655875
0.817512800485
0.81604247734
0.814375112325
0.804886474222
0.807437513709
0.805059329212
0.801066790611
0.807319155872
0.793786961049
0.797405849218
0.793026205212
0.785018381774
0.777828786165
0.77522013244
0.782192034274
0.773004530907
0.776125601441
0.771731286615
0.778635270715
0.769276446223
0.768407620519
0.764615410179
0.771025554836
0.767003379852
0.758899064094
0.752299693495
0.765611093938
0.755772086233
0.750634450525
0.745471713156
0.755991500497
0.746173918158
0.748655234277
0.741084804296
0.744847574443
0.737327742994
0.73987071228
0.734261756063
0.775824355483
0.743195664048
0.764937933087
0.744963197768
0.737153816342
0.730817240119
0.728191900134
0.725270276695
0.717129673153
0.723473902494
0.721007089943
0.722499145925
0.721364414901
0.722215659916
0.726638060957
0.723530595809
0.718649823457
0.71279555589
0.707538155138
0.722439931214
0.71245336917
0.711887482405
0.717892808586
0.713873884767
0.714323393285
0.705366612613
0.708318405926
0.701747096539
0.707105910331
0.699238322079
0.716394700855
0.713754914999
0.704927488327
0.718337700278
0.711313081205
0.701080165058
0.703564168125
0.701433286905
0.704301386803
0.695032503307
0.700080834121
0.693045651466
0.692005331725
0.697549320012
0.69231497243
0.69109613049
0.684557400972
0.690252797753
0.687650235355
0.681223072797
0.690563230902
0.679828588724
0.685395176828
0.688897228569
0.678676548719
0.688096436918
0.682655978322
0.679372321546
0.679464969665
0.683011745274
0.675922018617
0.693838226885
0.683708248317
0.674595151901
0.675860324383
0.67321511963
0.66792761901
0.677955789387
0.66915144971
0.669013605565
0.670903932601
0.663166586131
0.665270570427
0.664569245398
0.67161976245
0.675152092963
0.667670245081
0.661091539651
0.672856540322
0.677134119838
0.672233931452
0.683019096076
0.671374303043
0.639257008135
0.640446956784
0.632015265852
0.630518935084
0.62821216616
0.627189451069
0.623153077394
0.621186440825
0.61548924759
0.612535143912
0.619550696164
0.608535927474
0.612819597006
0.608170890629
0.606999360591
0.619665728569
0.607730448723
0.607472980022
0.60738689959
0.603957839251
0.600819710463
0.595890248418
0.599478310198
0.59627579245
0.601003969282
0.600102535009
0.603312333971
0.59003438434
0.59664991805
0.596909920245
0.591325379789
0.598114189744
0.598230299711
0.590558826536
0.595516915172
0.592404325217
0.590863822311
0.591433450401
0.596182788819
0.593088903606
0.592041391075
0.589932023048
0.599124931395
0.590831669509
0.595050448179
0.588456047982
0.590081490993
0.58966731368
0.590532523334
0.588973115087
0.587301487863
0.58299545595
0.592197513819
0.586745828718
0.582529655308
0.584920306683
0.586905238092
0.590085580498
0.588828967571
0.586959347785
0.588477553368
0.586939772755
0.588466862291
0.578067753017
0.582345347494
0.58284686318
0.582656146199
0.580936034828
0.583385810018
0.582439622968
0.586473337889
0.582826274097
0.585870307252
0.588618413478
0.583480586141
0.577318239748
0.582577014983
0.580055898428
0.582447989523
0.579385874152
0.581339152724
0.583314803272
0.583595139086
0.580491377056
0.575548486233
0.583690585941
0.5864736754
0.583907367259
0.581644078314
0.575967831224
0.580380775064
0.575632861882
0.57860367465
0.579993217647
0.581422275722
0.574408870131
0.575704701871
0.579027696848
0.579708476216
0.576336536348
0.577997750431
0.573971135914
0.575581060082
0.577104658604
0.578228536785
0.579715285704
0.577494159698
0.577957194626
0.578909251392
0.567401309878
0.570357671112
0.579377577186
0.575072880656
0.57956570518
0.577956498682
0.57364954564
0.577323307902
0.5740572519
0.580663458318
0.578772387236
0.572497102648
0.577893811703
0.571509964556
0.577386460483
0.573948749423
0.579832592934
0.577782257944
0.573939765751
0.577231209427
0.583060043752
0.573527356148
0.580241070896
0.573162102789
0.57711522913
0.577809944808
0.578162501752
0.580235996813
0.581724934399
0.577934286088
0.57973992914
0.570348955005
0.574517514706
0.579025903374
0.575546433657
0.582909754664
0.582841911077
0.579298191339
0.574356298059
0.574625010818
0.573702185482
0.579631566405
0.580641519278
0.570786688477
0.57272752282
0.575507834822
0.568841352135
0.574399516195
0.578139722973
0.571494612008
0.576947892398
0.569644952089
0.570766757339
0.571784585536
0.57800435701
0.57313233766
0.575906369716
0.577261365697
0.572335864425
0.57427977246
0.5711055592
0.568899414152
0.570868765295
0.573242076784
0.577427050829
0.571206000447
0.573270420432
0.568693686306
0.576005812913
0.569889651507
0.571966097176
0.574745991856
0.576936332524
0.574757414341
0.57470851925
0.568110192865
0.571625804901
0.572943274468
0.565833689213
0.568940849066
0.576469078034
0.574412182242
0.574875078559
0.568051452428
0.574147717535
0.570083295196
0.566200426102
0.581521186054
0.570193638891
0.573824291378
0.568318286538
0.569606521338
0.566249952227
0.569604581028
0.569428427607
0.570493088663
0.569807195604
0.573285139322
0.569275992721
0.571142371476
0.567567084074
0.562447242856
0.571058460146
0.567998093486
0.56607944119
0.568403906345
0.565661983937
0.569084143966
0.569586434096
0.57137370652
0.56834921059
0.575200223923
0.575552446455
0.571046485186
0.564601738393
0.57262719804
0.568649300545
0.570065719306
0.562972270578
0.566447649956
0.572129904836
0.569779121518
0.566048434883
0.564628534555
0.563593231738
0.571485623866
0.57417761299
0.572555158973
0.563088817537
0.5721025756
0.568365494996
0.574497048527
0.575662978262
0.567452859908
0.575195766509
0.566965168059
0.574792298257
0.565386759698
0.568294311672
0.563357820004
0.567502664268
0.569309946328
0.555044643223
0.568337190062
0.568630633652
0.568797062665
0.56789521125
0.56831716302
0.566243981302
0.571795318782
0.570597411245
0.571353180766
0.566373838574
0.570389787555
0.563682961434
0.567604087338
0.565863602728
0.565407999694
0.569526756823
0.567998727322
0.56125816679
0.56485527876
0.567402517885
0.564871759206
0.56682006374
0.562407213688
0.566223358452
0.566565826565
0.564894005716
0.567494315565
0.563726508021
0.564315424323
0.561415208399
0.562737097889
0.564630442023
0.565720607966
0.564267366469
0.567022522569
0.566577693105
0.566967714459
0.562272250116
0.564872079819
0.56862323764
0.56334937188
0.568649109572
0.570535414577
0.567035347134
0.561977579474
0.570547252923
0.56464502877
0.562223747373
0.566191459864
0.563613335758
0.558732746661
0.562937750995
0.561529150337
0.560987199217
0.559399471104
0.564605674773
0.567561916232
0.571212100327
0.567564570904
0.562953275323
0.568849105358
0.564930602938
0.568091045141
0.563045531452
0.564715086997
0.561624863595
0.558985518754
0.55794021374
0.555506720215
0.564549980849
0.562092582703
0.559583072394
0.564459204584
0.562495871156
0.561237570196
0.556101539046
0.560975520149
0.563611446172
0.571875862807
0.562495618135
0.563055641532
0.56195759967
0.561164239973
0.568062938005
0.56080263865
0.565517474473
0.567419378221
0.567584465593
0.558726593018
0.558337552845
0.566949697971
0.557569861144
0.559456474721
0.558602158695
0.566774697572
0.560229667842
0.561124249101
0.563684722543
0.562765002996
0.557742396772
0.563396928877
0.561458994746
0.563702765197
0.564813988477
0.561812993497
0.553056171551
0.558150678247
0.561182661325
0.56608449766
0.558445669919
0.563847020373
0.55829546836
0.565836309969
0.567062247843
0.560697891504
0.559197928935
0.559967658222
0.561745345443
0.565281503409
0.55895234853
0.560603626758
0.563620719165
0.561034068435
0.563036614448
0.561782052487
0.563133591145
0.560418454707
0.557989595324
0.562389904618
0.561242169887
0.559164698958
0.561081027418
0.568936862528
0.559128396124
0.564892577261
0.557891386852
0.562580829769
0.565247239977
0.560325424761
0.557898938537
0.56368607831
0.558661334991
0.558221386671
0.568814063698
0.558706450164
0.560477388173
0.567954416007
0.557521302789
0.5608901705
0.558055096567
0.559176451057
0.559999705732
0.5590391092
0.562358992785
0.555932295561
0.558043753505
0.563240276724
0.556066840589
0.562281874865
0.562985217899
0.555933323503
0.557630771905
0.565123577565
0.565506073296
0.560528310239
0.562162941664
0.564009052664
0.561378630787
0.556203221679
0.558777482748
0.557033594131
0.562398385733
0.560522345722
0.556660104483
0.557404256523
0.563430462331
0.559290656298
0.559544839531
0.56103786394
0.559123742282
0.557503812313
0.565903966963
0.561666977495
0.559674547106
0.564646405995
0.562666090161
0.563716276646
0.559883099824
0.558489287138
0.554140151411
0.560762093574
0.56358319813
0.559832236052
0.556224150896
0.552985536426
0.56677430734
0.55708185187
0.560337651134
0.560547529072
0.559656789988
0.556581424564
0.556653110921
0.564293124795
0.554612864554
0.55735659954
0.554286582917
0.556683790207
0.564837740779
0.55216537413
0.560029774129
0.562091898501
0.55701789856
0.562335671961
0.558242608815
0.557960177332
0.552316801786
0.556255895972
0.564312829584
0.548597408831
0.563196788549
0.555407937497
0.554479404628
0.562002422839
0.55658385551
0.556312375575
0.554906808078
0.556030982167
0.561373359978
0.5553522937
0.551491180867
0.554508021504
0.561316989869
0.560932321161
0.556678346038
0.558399694264
0.560973012447
0.561420252085
0.55474650529
0.560253933161
0.553835696369
0.55025686726
0.551454453558
0.556824258059
0.561001180619
0.551985201091
0.556797200292
0.551144188344
0.557749168813
0.553504459947
0.557936634779
0.557831267715
0.554412836522
0.559067934245
0.555483714491
0.559730264604
0.553851054758
0.552798766971
0.560148921579
0.557760977089
0.557811885133
0.547123168975
0.561584135979
0.556310095489
0.552874772877
0.560607841939
0.559731094867
0.554771400392
0.554106646955
0.556349641681
0.55851836282
0.553084820777
0.555615153223
0.556043251812
0.557704385072
0.553619973987
0.559703069091
0.559140093297
0.554260871142
0.552278875232
0.556741804719
0.557538986772
0.548781919211
0.557144484431
0.551402792096
0.559802161545
0.552734198034
0.554174210295
0.555349512875
0.55016763258
0.555483713418
0.559369290441
0.558495038986
0.561017562836
0.546591218561
0.55656482172
0.552967090577
0.550291218668
0.554283810526
0.554842605859
0.564190807283
0.554876649797
0.557409269959
0.557621061742
0.558393143535
0.55050533393
0.550700724185
0.552308300853
0.55999337855
0.55348143965
0.554616018325
0.55952584216
0.552597949535
0.55608341223
0.551913261116
0.550420421094
0.559786205143
0.547657978773
0.553439235419
0.559387964189
0.557292254716
0.549774809897
0.554776696742
0.554365560681
0.549210253835
0.554207782149
0.556407768995
0.551666873097
0.551105867714
0.553140848041
0.551851583153
0.54829900676
0.553812273443
0.552290072948
0.555109756917
0.548091185212
0.552328337967
0.550868469805
0.551685226262
0.554275672376
0.552562498748
0.557690301746
0.552639369935
0.549020950764
0.550957183868
0.554916909575
0.555014078975
0.554348766774
0.55457731992
0.548450799912
0.549237205803
0.553469686627
0.557798038393
0.556979686737
0.552628385752
0.555269899637
0.558266263336
0.552099750668
0.550747549355
0.555336135507
0.553931906641
0.558837266803
0.550987604797
0.550508843869
0.552485159665
0.558926552579
0.552829708517
0.5560974347
0.553180724233
0.550407075047
0.554439639777
0.549014864802
0.5527391662
0.553509251267
0.552175526768
0.55396086055
0.554790409923
0.550237179846
0.548795571297
0.546837871805
0.555355319083
0.55006002
0.555641556412
0.549987427711
0.558031917304
0.551140853137
0.555724108487
0.555856371939
0.559180954486
0.557436352476
0.549297296643
0.550473816961
0.546301422507
0.556908150047
0.548739479721
0.546177787066
0.549040075332
0.54996045652
0.554723091304
0.557202310264
0.559416073233
0.554510577232
0.550723542392
0.544313526779
0.553557272464
0.552123207867
0.554735655278
0.548271929353
0.55564384076
0.550967253536
0.551825939119
0.550987259671
0.548475677818
0.559257515043
0.551130032837
0.554068953335
0.550069942385
0.5602602624
0.548577979714
0.555226085216
0.547844036341
0.551889344215
0.561188384622
0.552108384013
0.546226834744
0.551948904604
0.556177312374
0.548949627995
0.556413635433
0.546636548012
0.552607227117
0.552209400028
0.557025321931
0.546822873145
0.550379028499
0.552622207314
0.548540674537
0.549692232996
0.549880571872
0.555507333696
0.550974110425
0.550929185748
0.548840725601
0.550317781657
0.550327281982
0.553995466709
0.547087138414
0.553310115933
0.546522773057
0.548135213315
0.555857613087
0.553128277361
0.551274995238
0.556756705597
0.546351341873
0.548686800361
0.555082778037
0.544972357154
0.548062652439
0.549500919878
0.550883258164
0.540780841589
0.557424691558
0.548505097002
0.549294836074
0.553988924801
0.552649138302
0.556206049353
0.547106699914
0.551350626796
0.547958272129
0.553602787793
0.549769568622
0.549629613847
0.547188282371
0.5549171336
0.55089213413
0.547946157128
0.551636209905
0.547605644852
0.553271854788
0.547700275987
0.552997806758
0.544928152323
0.549838890672
0.553899341106
0.548622073174
0.551002062723
0.546760807037
0.544234323174
0.55081866467
0.543222641587
0.550585544318
0.547142829925
0.550632790118
0.552152995497
0.548408590347
0.550917662114
0.543656732947
0.547795463949
0.548983939439
0.54769468385
0.548828210175
0.547537117407
0.547275119603
0.544096191496
0.551025173426
0.547099405468
0.550886337966
0.552426562369
0.547777269453
0.546277558118
0.548619503856
0.546777729332
0.546628580362
0.544891210049
0.552760550082
0.553028820127
0.554359061301
0.549583313823
0.55418566972
0.552261724412
0.544911657274
0.550648272991
0.551867830008
0.545665350676
0.551882350117
0.547988610655
0.54813406691
0.547853801131
0.548423122466
0.549729778647
0.545792117268
0.547794412762
0.544475141227
0.543585222885
0.548036997348
0.545615450561
0.553699202955
0.546530114323
0.539823984474
0.551643739343
0.550646611899
0.547880518645
0.554631600231
0.544963580042
0.552535537839
0.550079204202
0.54761562416
0.542830250651
0.550936175913
0.553770137697
0.545543694228
0.546693976939
0.546045272917
0.543704716951
0.549000493646
0.543006093353
