27.1306412125
17.1530887103
14.4891803122
13.8112675869
12.4193064082
8.84648616731
8.82522024155
8.20016970873
8.45740651727
8.78549587131
7.23316649556
6.76221910536
7.52523950517
6.66300810456
6.74345720172
6.07336024642
5.88155264318
5.77986241996
5.76724111974
5.73375129938
5.0081249094
4.88151400149
5.08472356975
5.02275590122
5.0654835701
4.98078071058
4.73949434817
4.55841205418
4.63751331866
4.64197900653
4.17663521707
4.26156430006
4.21075186312
4.10903281152
4.1186452502
3.804157601
3.85114493132
3.92352912903
4.27059468508
4.11693146288
3.95731251478
3.88155209243
3.78253512144
3.68002112985
3.72718956113
3.57980416894
3.54896652102
3.53392916352
3.4247882694
3.39903862774
3.43221354127
3.37503512651
3.23991677105
3.28604960024
3.1504833746
3.14176370293
3.08983292162
3.07527961552
3.0841333127
3.05022067428
2.96601159185
3.02632163525
2.89638517618
2.88054192305
2.82767571121
2.80060158908
2.79914870858
2.70592374682
2.75980405539
2.74109819889
2.67996976346
2.59504272521
2.68317012906
2.69028390676
2.63064714313
2.58021328002
2.52769374222
2.49008788824
2.51471163094
2.61465724468
2.51201056391
2.47692127168
2.45214299917
2.45737410367
2.4298360467
2.43293098003
2.38417431593
2.3654247734
2.39582829356
2.36648214668
2.35446920276
2.31639032811
2.27411525398
2.28277353346
2.28558857352
2.29474224567
2.25006735146
2.23578636467
2.2263454622
2.26129733831
2.23648755729
2.21262303293
2.20114468068
2.21121841341
2.21322734684
2.15938212097
2.14013996631
2.1459619835
2.16143626779
2.17319716156
2.13738854557
2.16808627605
2.19318253219
2.11035810709
2.08320118606
2.07784017235
2.08145712465
2.06778019667
2.05790359318
2.07900101811
2.05924498886
2.01775755018
2.05006334662
2.04267066747
2.0290823257
2.01654572636
1.99167086184
2.02041716576
1.99971576482
1.99736694723
1.95593628377
1.97315009862
1.94565856367
1.97331651568
1.94842797279
1.96542206705
1.97662045956
1.8938846761
1.93854809135
1.96303596705
1.89927975446
1.95804684252
1.90843859851
1.9143100071
1.87112607837
1.89320868701
1.87576227307
1.89015535265
1.87758785963
1.8830824241
1.84596360594
1.88659318537
1.85192718804
1.82523253858
1.85271978676
1.82760722905
1.81508881211
1.8082027784
1.82547317088
1.83601976037
1.81503756404
1.7951157105
1.78990866661
1.8120478794
1.84561726779
1.79878347188
1.7918057549
1.7864540261
1.78440734863
1.7701467815
1.79406661838
1.72419957608
1.74655078232
1.73711587101
1.74077763766
1.74021726429
1.72361280978
1.76300439447
1.73743514836
1.72791771084
1.72928210855
1.73319024622
1.72587539285
1.72588069469
1.77978301674
1.71178746969
1.72376244873
1.69543420583
1.69689584255
1.71836610824
1.70355418682
1.70014386892
1.67369716495
1.67920860022
1.67256524146
1.66794379562
1.65270334631
1.69037777483
1.69103382707
1.6886629504
1.66436722338
1.68036296099
1.67257098138
1.68418419361
1.64874083877
1.63651800573
1.65335066348
1.63856382579
1.64596401244
1.68712852329
1.65545115501
1.64894615531
1.6524190107
1.64889992505
1.64072848171
1.60544080406
1.64290563643
1.62877442449
1.64576024055
1.61750290364
1.6159669964
1.67254692227
1.65925874919
1.65052307963
1.70446055233
1.8649131
1.95466648519
2.05100566953
2.0847025305
2.04091338456
1.90286477387
1.83511311203
1.84465124488
1.86057689786
1.83703844756
1.90384182483
1.9271977222
1.89771620035
1.88922363251
2.03129297554
2.25693502039
2.22257383138
2.08658695489
2.12214305878
2.08749307811
2.10191402584
2.20586227
2.21430095971
2.34817371577
2.50083594233
2.28986878335
2.1612670064
2.20161374092
2.17581405431
2.25718398899
2.14380314499
2.23580595583
2.18207564086
2.10356502235
2.03723485678
2.01289627671
1.95007323205
1.91882404983
1.83358208269
1.87467915952
1.83809602648
1.79638114482
1.80804861605
1.75136716247
1.74545614839
1.69095249623
1.69341261685
1.67560869753
1.64835482329
1.63383526802
1.60675012082
1.58361289442
1.57673262894
1.55494552702
1.54705190003
1.54573498935
1.52571520388
1.51429452717
1.50625853896
1.48897881359
1.48043693736
1.48627076089
1.46107296705
1.43921247363
1.45338042349
1.4356817928
1.44010522991
1.41168093696
1.42206179231
1.41982253313
1.40850989193
1.40087981939
1.40030586407
1.39843856752
1.38571001351
1.38178416342
1.39616089448
1.38193922028
1.3826454778
1.38550202698
1.36797341228
1.37805271104
1.35685324788
1.36674587071
1.35123620525
1.3652641207
1.35174635515
1.3605952023
1.34338615373
1.3519266583
1.32956604093
1.33568542987
1.34078635648
1.33197750106
1.34928807825
1.33342076957
1.3274666962
1.31771272138
1.31755805448
1.32573798075
1.31724939868
1.30264088348
1.31671371251
1.32330926731
1.30847888857
1.32132148072
1.31015765667
1.29840452135
1.3180987142
1.31456723213
1.31374331117
1.30320930585
1.30921546474
1.30272878677
1.28307082668
1.30586130068
1.29952180192
1.30262766704
1.30169454813
1.29801853657
1.28314455852
1.27882076547
1.285949599
1.28163606241
1.3006548731
1.29169695213
1.28300373793
1.2950327538
1.27792461053
1.27729082242
1.26495449811
1.28408398718
1.27778203711
1.27434064135
1.26486447468
1.26259630814
1.27706487089
1.27087645307
1.26206064939
1.25999107331
1.27068849623
1.2773652114
1.24661663935
1.26039300576
1.27195190832
1.25404737324
1.26450813234
1.26938619897
1.25278267488
1.24838770688
1.29085200965
1.24956038535
1.25157537162
1.27388627082
1.26571200714
1.26187119201
1.24269140765
1.25265182391
1.24414523393
1.23853621677
1.24072399199
1.22910289407
1.23938176394
1.25749461502
1.24391736969
1.23317164972
1.22858045653
1.22895048693
1.24945543706
1.23749435365
1.24305617705
1.24210863337
1.23397866845
1.22150551468
1.23193595782
1.21933797866
1.22460262612
1.22277542397
1.23561909363
1.23377898797
1.21753369793
1.22429748699
1.2377224873
1.23140316874
1.20561587036
1.21812401697
1.21466583669
1.20144798517
1.21994241655
1.21589957565
1.22913050443
1.22663298786
1.21272902444
1.21550214127
1.22816114873
1.19879973486
1.20679795146
1.21408368304
1.21178230211
1.20460958928
1.2136522007
1.19886769161
1.193610771
1.19765974268
1.19845004395
1.20593824238
1.20906990543
1.19171755895
1.19331387237
1.20464442834
1.18972201392
1.19251746997
1.19126378506
1.20165710971
1.19267951384
1.19743442789
1.19264292613
1.18838041499
1.18789803073
1.19500205487
1.19316687435
1.1693322967
1.172697265
1.19820704177
1.18137880668
1.18097403854
1.19031395897
1.17816920757
1.16790767714
1.18717441097
1.17585251436
1.17311355129
1.19045078844
1.19372443289
1.1935338372
1.17265412107
1.17726911709
1.19687170088
1.17784366369
1.17177936986
1.16415810704
1.17387031183
1.16678868338
1.17582124695
1.16895058453
1.15398645282
1.16475019217
1.18482491717
1.16608366981
1.17194572866
1.16809608817
1.1703987141
1.15406438962
1.17845921323
1.15316496775
1.16159906596
1.16012382612
1.1699596785
1.1641724062
1.16134170696
1.16114403933
1.15337869897
1.16686082318
1.16470882326
1.15816778272
1.1565930061
1.16021247059
1.17183431134
1.14761671886
1.15833744541
1.17482241139
1.16419292569
1.15173249632
1.15470815584
1.17072033957
1.13961503714
1.16144181356
1.15475417778
1.15395031869
1.16647569001
1.14868286267
1.15081508785
1.16307235181
1.15000761211
1.16096903458
1.15031991199
1.13685736343
1.15396421283
1.14079971597
1.14452755824
1.15161883265
1.12561461762
1.1586073491
1.15093201697
1.15803079292
1.13818882138
1.15534582421
1.13858852074
1.14339016318
1.14603191987
1.13954246894
1.14618176714
1.12485594332
1.14007388875
1.13876663119
1.13104400814
1.12592762202
1.13035361648
1.13418069184
1.12973697498
1.14794436842
1.12176834911
1.13904363379
1.12476420254
1.13657253817
1.13158696935
1.13828604952
1.12349547327
1.12538734168
1.14026182875
1.12588724956
1.12980604008
1.12281288475
1.12877719045
1.12250406802
1.11667735234
1.11107309893
1.11315732732
1.13194785416
1.13348334715
1.12543348685
1.1271679759
1.11952128187
1.12045669898
1.1213940987
1.11599041566
1.11819470137
1.11546560481
1.11243858054
1.11587669864
1.13501824334
1.11263647512
1.10817690372
1.13415739089
1.09665235057
1.11554119319
1.11327311128
1.11185784653
1.1021070981
1.10837293655
1.12081284925
1.1249823676
1.13021515667
1.10822120622
1.10682986796
1.11342160255
1.12424918681
1.1068593277
1.10390956342
1.10367870837
1.11846078187
1.1120378612
1.11233373508
1.11439915553
1.12167227581
1.1096379225
1.09191656843
1.09868800431
1.09701269984
1.1178663756
1.11036195502
1.11231677145
1.09275204226
1.08795385063
1.10198017627
1.09395834073
1.10047814757
1.10494860902
1.10886070326
1.09120432183
1.10164549291
1.10131828472
1.09475821123
1.10193131208
1.0994173333
1.08447839379
1.10482638478
1.09614120707
1.08127718896
1.10268519387
1.08306622684
1.10823464453
1.09832665026
1.09971125454
1.08654068962
1.08904995278
1.09998586208
1.0944010666
1.08617229581
1.0874475342
1.0774116379
1.08866698682
1.08087051749
1.09673236176
1.08776026532
1.09124037713
1.09068819687
1.08374046624
1.08256328791
1.06548191667
1.11270431221
1.09070729747
1.09051099405
1.08454106793
1.08680464432
1.10026806563
1.08043133885
1.0844980897
1.07287748501
1.08693424165
1.09398758128
1.10558360636
1.08201122716
1.08947119489
1.08815650284
1.0784919554
1.07523067027
1.08266755804
1.0822034125
1.08655900821
1.08216752455
1.08672498181
1.06428310975
1.08730518207
1.08572029755
1.07739303157
1.08423148811
1.06882769421
1.06925508291
1.08491791651
1.0825281176
1.0964263165
1.06787091285
1.07590139151
1.06700465858
1.06636535123
1.07445370376
1.07629328892
1.08042933822
1.0707514137
1.07011658788
1.07291970462
1.07626316503
1.0901861687
1.07857646093
1.06441763476
1.06192453146
1.06289131239
1.07346715018
1.06463816106
1.06565412596
1.06898876593
1.08667192981
1.0629434213
1.06234234676
1.07189565703
1.07707804978
1.08844386697
1.07353803307
1.0819391413
1.05896142483
1.06220172018
1.05980003029
1.06704864264
1.06013074815
1.05884264529
1.06089089021
1.08110131234
1.066351742
1.07766908303
1.07340547815
1.05139436215
1.06296818137
1.06387172341
1.04687050715
1.06692330375
1.05478873402
1.05842131719
1.075919047
1.06707107753
1.06933894828
1.05740776226
1.06283872679
1.05237760708
1.06546050996
1.07947692037
1.06216478512
1.06070577413
1.06037375733
1.04929605305
1.05790587381
1.05416136175
1.05255363002
1.05583850145
1.06157110408
1.07889745489
1.05115017459
1.05324366391
1.04123432726
1.06430214286
1.05508171052
1.03901749179
1.04623445347
1.06022232071
1.04740090102
1.04004660919
1.04511944592
1.04341044933
1.05121188968
1.0478640984
1.04115109861
1.04074904934
1.05180819198
1.04552220196
1.03451644629
1.05146213725
1.0556436415
1.05458761439
1.05438922241
1.04595673531
1.03089428991
1.0408212994
1.03909148723
1.05469502047
1.03964081004
1.03064065799
1.03874851346
1.03732273117
1.04279789329
1.05260362178
1.04482126266
1.05039034903
1.0436496906
1.03685115457
1.06189257458
1.04855158255
1.04797135621
1.04432331443
1.02954759821
1.03692168653
1.03720426738
1.04957971513
1.0528742744
1.04255758047
1.06214655295
1.04868659198
1.03127655312
1.04834260032
1.04358896613
1.03607991308
1.05435035989
1.03268482402
1.02132786021
1.03120651171
1.04663535222
1.03328713804
1.03536564976
1.03939174786
1.0191878812
1.05748765513
1.03849636808
1.04664962292
1.01782693997
1.04475058481
1.03257289067
1.04935249433
1.02960171238
1.04671951577
1.04124008968
1.02634424999
1.03325709
1.04170829907
1.02212623164
1.04322464675
1.03482176885
1.03560287893
1.02342870072
1.02529407039
1.02253908783
1.02077140301
1.02747908622
1.03620343238
1.03027238801
1.04122919694
1.0376402688
1.02841098279
1.03828002393
1.03156264231
1.02699527442
1.04260520607
1.02359059736
1.03210893512
1.03204680562
1.03467704028
1.01535806537
1.04612986773
1.02339734286
1.03878515258
1.0306235826
1.02885512054
1.0319886592
1.00975484222
1.01991428062
1.02519780412
1.01056250408
1.03487801015
1.02356613934
1.02433915854
1.02154567808
1.00511758849
1.03654711038
1.03140545085
1.02675966859
1.02958475292
1.02784917489
1.01929538131
1.01143185645
1.01253599316
1.02024325311
1.0294909972
1.03790565908
1.01939610302
1.01326820105
1.00459618926
1.04070480853
1.01128634423
1.02630077049
1.01874841407
1.02320648
1.01870683789
1.02246091619
1.0225320746
1.01153751418
1.02342042148
1.02763284117
1.01589817047
1.01331033453
1.00899986327
1.02219734609
1.0131040968
1.01397641212
0.997219585776
1.0250710842
1.01013346076
1.02138079777
1.00878526062
1.02420438871
1.01566387415
1.02598684803
1.01971967399
1.0021041362
1.00706480935
1.01540000036
1.01784053326
1.02348188043
1.01384577468
1.0053627421
1.01824327037
1.02267368108
0.997234856337
1.00096635491
1.01293049634
1.0025115177
1.00881914899
1.01085156038
0.996990343779
1.02951897532
1.01952178076
1.02173513576
0.999353622794
1.00579785481
0.997997274697
1.01735505462
1.01684071407
1.00916433573
1.00250068605
0.998278389275
1.01335340917
1.00188560694
1.01926423684
0.998161014915
1.02420315698
1.00523145944
1.00235640973
1.00794445723
0.998677299023
1.0102046521
1.02187253416
1.00412518024
0.995076653063
1.01083026096
1.00230323806
1.00419817641
1.00338378757
1.001918841
1.00456805959
1.01302457407
0.990928072333
0.993689999282
0.99075046882
0.994046252519
0.99313597858
0.997865318507
1.00744043931
1.01322320744
1.01128043354
0.998466466069
0.999251534194
0.990625433475
1.00300882995
0.989082292914
0.991458959132
0.994769026935
1.01228299394
1.0035784249
0.997289175242
0.9991941908
1.00779109299
0.990225623548
1.01765238196
0.99322298497
0.996631343514
0.995843684971
1.00533822179
0.986163321882
0.999263903499
0.993000341654
0.994700031877
1.00281676516
0.992662792951
1.00403597847
1.01249401584
1.00989230216
0.997650251985
1.01784905523
0.999175612032
1.00555821016
1.00206776068
0.998110011518
0.984919237643
1.00631834924
1.00179439873
1.01463241309
0.990756068677
0.988951847106
0.993281639069
0.990789342523
0.995450349152
1.00831415921
0.991171288937
1.00176414728
0.990983680189
0.982581478804
0.992055606544
1.00412935808
0.988351966143
0.993178361803
0.989644560963
0.988156777769
0.99737830922
0.989208767712
0.984600098133
0.986962959021
0.986322722435
0.993371770978
