809.32345295
231.436290874
179.483159218
142.894419823
120.163790903
99.8062263012
87.7292302608
85.4809442711
75.1507200813
141.034597492
116.028044624
78.911751585
64.064268074
54.6234415054
49.451641202
44.7868694544
39.6238305235
36.5551488638
33.159977417
30.296497407
28.228123641
27.0286066723
25.1007024026
23.7925714421
22.3925800061
21.5712038755
21.6117486
19.8988058662
18.9919525003
18.6040898705
17.4215560842
17.6881127346
16.9240645993
16.3299102855
15.9178444052
15.398852396
15.2737613761
14.846285404
15.1471026933
14.7232598996
15.1872613144
13.4508861053
44.5870726824
16.4166978741
14.3587908912
13.8676729488
13.9125265431
13.6448384619
13.589143194
13.3850858891
13.124259491
15.2232060099
18.200466609
14.7121016574
13.9215615535
12.7214718401
12.8748383927
12.8770944488
12.942047509
12.4045713329
12.8970789385
12.4458363783
12.0981889808
12.4668099213
11.6201059985
11.5326440799
11.3905958807
11.5344253278
11.0891040611
11.0335961843
10.8655665159
11.2749872744
11.4103586352
10.9614151955
11.111597718
11.1466102993
10.7568794608
10.2235053086
10.5089447808
10.0478633356
10.7299538887
10.4223719275
10.1348814642
10.0741360247
9.82792379975
9.7006942296
9.82965585113
9.5593699646
9.38111483455
9.37701509833
9.22851040244
9.51769195914
9.11292537212
9.20340570688
9.30375543118
8.93926638007
8.86695679665
8.83022414446
8.87079837918
9.52874402165
8.96940252185
8.57861235261
9.09610291481
8.69579621792
8.53556702018
8.27092845798
8.26102265954
8.37030131459
8.16782854915
8.14060362577
8.41343910098
8.29255423188
8.10613797665
7.91478096247
7.73643431664
8.29705721736
8.02504379869
8.18258500218
7.90780972242
7.83703564644
7.74264642
7.74685389638
7.52894173265
7.70544870615
7.43427278042
7.6527887547
7.43943706155
7.64472634256
7.31454438567
7.27615422964
7.27382187128
7.42773068607
7.47888016582
7.28822001219
7.19259384274
7.35850180507
7.31731144488
7.0974529767
7.06943955898
7.23612775326
7.07342111707
7.02864727974
7.04384132504
7.24620502353
6.88054186106
7.08898392797
7.37600970507
6.97214617729
6.70772951007
6.84531189978
6.8952976799
6.55927813828
6.7777801764
6.63023326397
6.5377378881
6.65223812938
6.84211975217
6.64206406951
6.51429866672
6.70865590811
6.86733378172
6.49314980924
6.81762634099
6.50304076314
6.42467867792
6.38014105499
6.4564907521
6.20134309411
6.59405590057
6.32145620763
6.58599713504
6.56402136981
6.24045400381
6.25730335653
6.55997576594
6.16897495627
6.17157309651
6.22759033799
6.27720209956
6.30603288651
6.04058570385
6.03260356486
6.04026058614
6.11663864613
5.96607199013
5.98707424402
5.96500108123
5.93890586495
5.98350953758
5.9897777766
5.93142310977
6.60285768211
6.54191840053
5.88422777116
5.91467873812
5.79515039444
6.04899667025
5.95520142555
5.96682501912
5.85190314054
5.90693435371
5.86515021384
5.90007429302
5.69683665156
5.90791685104
5.95082486153
5.72917824924
5.52845109046
5.83544232309
5.7774170059
5.98748002946
5.94399001956
5.68652704
5.6419264704
5.71812662721
5.77963147044
5.79262644231
5.65378478467
5.69051016092
5.57935792387
5.53128819644
5.64574849665
5.78753192604
5.75879595518
5.47091042697
5.65257208049
5.61001237512
5.78593802989
5.5881593734
5.49645037055
5.54445885956
5.48156539857
5.67996016741
5.44273281395
5.59557808578
5.70594900727
5.52538322747
5.48940396726
5.35223208249
5.43806035817
5.51174545527
5.3561809814
5.31704820812
5.33425135732
5.3765430367
5.46337889552
5.69386734545
5.73683212459
5.33830128014
5.47133666635
5.44252135277
5.40521675527
5.48701263785
5.25799307585
5.35378584266
5.19448832035
5.3240779829
5.25016136944
5.24050707698
5.2207049185
5.18751223743
5.4523347491
5.15135337293
5.30675986111
5.21617284477
5.3619861722
5.43778893888
5.22665813029
5.1071141094
5.37968049824
5.60392225385
5.56154941261
5.19985111415
5.28201860487
5.26040979028
5.1824145627
5.00826004624
5.32256424904
5.16252792537
5.14431242526
5.27074011385
5.28910980999
5.01541778803
5.14713445246
5.31755967259
5.53040928066
5.21444353104
5.20435847402
5.15618604064
5.16019864619
5.06322119415
5.16093915403
5.02803191781
5.33999808609
5.20570613921
5.11612457275
5.19931422174
5.17017902911
4.99005415976
5.06546786427
5.01897666037
4.93249374151
4.9984976536
5.01604510367
4.97850256801
5.02866382778
5.1140435493
5.00815350473
5.01636861503
4.9857745862
5.03010114789
5.01115163982
5.0733653003
4.96079951346
4.95383441687
4.85744738221
5.07738506377
4.881668486
5.1073782593
4.93967011511
5.01814477205
4.94598148644
4.93369254291
4.84444824696
4.86913265884
5.06060799658
5.06596741736
4.91163205087
4.87664316714
5.24426370323
5.06045481563
4.79292682052
4.83132146895
4.97898623526
4.98316759646
4.97243724763
5.00583925366
4.78596672595
4.94960400105
5.00652684093
4.84760443211
4.94947095513
4.75980169952
4.98458846271
5.04571508706
4.79644784868
4.800399912
4.96515852511
5.29456451833
4.89150989771
4.82520026863
4.90479429781
4.87451682806
4.81490128338
4.90016844869
4.82705665529
4.70466260731
4.82692750454
4.70045935333
4.64993340433
4.82922612429
4.73564734221
5.00806610644
4.91946903408
4.81397587001
4.7203953898
4.82772414804
4.80231905162
4.76541112959
4.7042313236
4.94154703438
4.79229587495
4.83986323655
5.03359751523
4.73428999364
4.83743162692
4.8371086961
4.85845792711
4.76687116027
4.95381519675
4.76933250427
4.76011685908
4.71826262891
4.86382835448
4.75660434723
4.72053492486
4.8682150352
4.82783275366
4.92661068678
4.67608571112
4.7985346508
4.72065553725
4.68974125445
4.75079595745
4.69003777206
4.84355818748
4.57566178322
4.67331170022
4.74592277288
4.88991666675
4.68361533225
4.68143551409
4.68758418143
4.83783255577
4.66354418397
4.83257086039
4.73291460216
4.70899243593
4.86956801116
4.61869607449
4.59194394886
4.58361411512
4.6690070188
4.80414145589
4.68760638297
4.59491686106
4.59998839498
4.64557455957
4.7583927995
4.66783774316
4.51911356926
4.75397391677
4.7067900002
4.7227519089
4.57354665816
4.6261995846
4.59561486483
4.66000168741
4.73782729506
4.59639367938
4.49613873422
4.82119406044
4.52089169145
4.62087667048
4.63726899087
4.63812797606
4.63926628768
4.58871370912
4.77000615835
4.57294041753
4.46639203012
4.596819911
4.6341790545
4.55543920636
4.6167397356
4.6064476192
4.51343522787
4.62558627427
4.66219044328
4.46207186401
4.37654668868
4.6011994648
4.51638849139
4.57989234686
4.54479184747
4.56960235476
4.57460282683
4.59732712507
4.47018123806
4.78832912028
4.63737386823
4.47314399421
4.42027428389
4.40807360113
4.51580251157
4.77246126711
4.65542733848
4.46432379186
4.43809199393
4.50044238985
4.58228395164
4.44893484533
4.55476016104
4.5219893533
4.69854779363
4.49583100259
4.45396541655
4.53762485683
4.68304471374
4.59166835606
4.47035035133
4.33300648153
4.61607237101
4.53326941848
4.65574028075
4.39099734247
4.4989771378
4.42652718544
4.24619891346
4.56578035176
4.42249480009
4.54936317384
4.43800305843
4.42262607753
4.57350785613
4.47444995344
4.52559912682
4.52161337852
4.36438167751
4.31497761369
4.38273419976
4.46248498559
4.45976947069
4.39524482131
4.41254584014
4.50780031383
4.38551690638
4.60257782817
4.42044198155
4.55482250452
4.47001480103
4.64387355804
4.46349452794
4.39794683278
4.4966982311
4.41923369944
4.40022908926
4.49062843204
4.32818657339
4.43839745462
4.48007169604
4.51033326685
4.39667038381
4.39688584566
4.30175875664
4.53204548597
4.36676239133
4.52215817332
4.29973506927
4.44615178287
4.35384226263
4.42467683017
4.4541594404
4.50192072868
4.29601117194
4.42057807505
4.33276213229
4.45916840494
4.51395700514
4.47053842008
4.27709157586
4.34782033026
4.38152432323
4.37339418471
4.26817673266
4.35493828058
4.40229374528
4.41730221987
4.37809712827
4.49646341622
4.34752229393
4.23421446502
4.34167272806
4.48937426209
4.36053082824
4.40817665398
4.37563714385
4.37244619131
4.41586447418
4.27922122836
4.39452916086
4.27716590047
4.39523206234
4.35444795072
4.22512847543
4.38857463598
4.45107756793
4.39221260011
4.33721204937
4.36357367754
4.31988665342
4.2960394311
4.33696274579
4.41217850208
4.48251920104
4.32637658954
4.33174807847
4.4365474087
4.25759611309
4.35580965281
4.2601724416
4.41310548961
4.32744414926
4.28161800027
4.40918348789
4.21466934919
4.35686481297
4.40837891102
4.31762896299
4.16613971353
4.27362690926
4.77166639447
4.35954506814
4.39566412091
4.38850357413
4.33191475034
4.2916130501
4.2311710453
4.23843806326
4.37565210164
4.23501153946
4.29137653828
4.32690755725
4.2628790164
4.30136523783
4.16159379601
4.31350458622
4.2110163635
4.24407704115
4.26157684863
4.37131521702
4.30373456955
4.31626711011
4.23869550407
4.12755811214
4.25162233651
4.31835464895
4.21132572532
4.04745547056
4.23393499672
4.30896919847
4.45169348061
4.28859285772
4.19568637848
4.15512423337
4.21856240213
4.232433635
4.44380791306
4.27329492211
4.52539131165
4.60986450791
4.34316978335
4.28001308024
4.17526868105
4.21891652822
4.29797077119
4.30334641337
4.22255793273
4.25704419553
4.1124635756
4.58593015969
4.26494355738
4.33511340201
4.58662240505
4.28694721997
4.31279073596
4.19621648371
4.26999732614
4.2501882565
4.29175709784
4.15262386143
4.14768889546
4.26043473601
4.27109812558
4.56010530293
4.22200389624
4.23995509028
4.27768226624
4.2702789259
4.21477295518
4.31045777023
4.24907106221
4.18979228318
4.23945890546
4.31341219425
4.17722396255
4.15227258027
4.20798559964
4.17193771899
4.26872944653
4.14694012165
4.1691185075
4.16804899693
4.20906730473
4.1176945883
4.1095140624
4.20559238851
4.09172987938
4.25551899135
4.21959316194
4.15680753291
4.29600909352
4.16866212904
4.20566895902
4.19193097591
4.07470429599
4.27326295257
4.07869852543
4.15531743646
4.25115769386
4.14592515528
4.30209012806
4.23688196301
4.24132475138
4.11854554176
4.07303800941
4.14931357324
4.12548085928
4.16565966249
4.19897084177
4.27095754623
4.07078994334
4.10496391535
4.15086353242
4.07873230994
4.18059313238
4.25553618968
4.27881488621
4.16725369394
4.14926195562
4.14285502076
4.34560333014
4.13468595684
4.19224223554
4.16729978859
4.18232444286
4.01280383348
4.35983003259
4.11562982678
4.22296200454
4.11610480785
4.0895399785
4.20411887407
4.2504485625
4.01716570735
4.30772491336
4.26761267662
4.11385631382
4.07125542223
4.12954871118
4.02849199831
4.33090211272
4.24263696253
4.13958337188
4.05570299208
4.14544753551
4.30550358474
4.21509642065
4.17259249032
4.24357745349
4.13258712649
4.06268038094
3.9742940557
4.0922478193
4.19060047746
4.06096778274
3.98405027807
4.19881814361
4.12485334754
4.24406066656
4.09604158342
4.25472740173
4.25895421863
4.15071650922
4.0955138427
4.15629314363
4.19384305
4.05736441493
4.11688025177
4.20181720614
4.0814492327
4.1665424335
4.14169452667
4.16918835998
3.99266446233
4.20205241799
4.03390404701
4.14252119005
4.04924919009
4.09157072961
4.16748255491
4.1510968858
4.16877790272
4.1092195791
4.26940318286
4.00147097766
4.10035746217
4.09078766346
4.14277470827
4.08087454081
4.07274622381
4.08547733486
4.26259448767
4.1384173882
4.14698239803
4.31338010669
4.24799787939
4.20410170555
3.96874724627
4.02929501891
4.24347232819
4.2243513155
4.18571529329
3.92743656814
4.02740679801
4.12584542871
4.09133015633
3.97497454405
4.12880503535
3.99620064974
4.11610185444
4.15431623876
3.96100385725
4.04150954127
4.17125890255
4.06522539437
4.10837026894
4.42499183953
4.17829625785
4.02077269256
4.07598161042
3.97075910509
4.11592519045
4.24747279227
4.13956199408
4.3600288403
3.939405514
4.15165566444
4.0502744323
3.95506627262
4.03013883054
3.99246551752
3.96149525881
4.07936066031
4.1248434943
4.06346918046
3.89758616567
3.95314784884
4.04046727061
4.15626751959
4.00398897052
4.304504354
4.03758336008
3.92197004557
4.17009994984
4.2335023421
4.17451931119
4.02098855197
4.02168367803
4.07358287811
4.08589199007
4.06812786102
4.21015858293
4.0544435668
4.00209826767
4.10480754673
3.86389458358
4.01382078767
4.09176595807
4.02808428109
3.99861596823
3.98797225475
4.11626762629
4.01786136031
4.03569785714
4.02753006339
4.10649432242
3.98003659844
4.08822994411
4.2318830061
4.26720547497
4.01503730416
4.06708717346
4.06038936257
3.97861851931
3.91922468424
4.34279479086
4.12057808399
4.04364897013
3.88874334097
3.86252355874
4.15745465994
3.96026898265
4.0366944176
4.23503399312
4.12581321299
4.07557310224
3.99203856945
3.93670343518
4.01809897721
3.98587604582
4.03081792057
3.98249313593
3.97855717301
3.9726170212
4.31237019837
4.10230914593
3.83192280531
4.05412543833
4.04090427279
4.02105947495
3.91312038124
4.07262978852
4.06493782163
3.99417401373
4.0680835706
3.97152661562
4.01439315259
3.95410465777
3.8836738342
4.20966414809
3.92876659393
3.91667259395
4.00592937469
3.96504361391
3.88971630514
4.07118970335
4.04528183162
3.90269604266
3.87786036789
3.98102477074
4.1132126826
3.96035045445
4.12764724076
4.05584837973
3.93533217311
3.99653686643
4.16700169325
3.94472238421
4.0693378824
3.92310754299
4.03692391932
4.1672315836
3.99899099171
4.03863259256
3.96065997124
3.97053131819
4.01765219927
4.095192132
4.10385768533
3.91264653802
3.92425300539
3.96439094782
3.87170561075
3.89132556677
4.01907508135
3.91323584914
3.91854287744
4.07980248153
4.15754546762
4.16756831706
4.09714674473
4.17402011871
3.97616398633
3.98499438584
3.97263952017
3.97615181923
3.83815745652
3.8715423286
3.92185529649
4.05574024975
3.95471304297
4.14686970115
4.17051502347
3.91231713116
3.94187719762
3.84798663676
3.86983515263
4.04920849204
3.94246948481
4.02655807316
3.92141315639
3.91904973686
3.92546184599
3.94185686946
4.0764488554
3.99259455204
4.08880496204
4.02274055243
4.01122045159
4.30389467597
4.0532594794
4.00475817204
3.90756053925
3.91160663486
4.11584272027
3.97797414362
3.91273946762
4.04364033043
3.85638208151
3.91145335436
3.92524718106
3.85075608194
3.83890880883
3.82374584615
3.83367805302
3.89624449909
3.89346499562
3.7728447175
3.85134487033
3.84302692354
3.96212238431
3.97334917486
3.87905832171
3.8622004354
4.00329897463
3.86519058645
3.95095805705
3.77294591188
3.87052075982
