79.3720659246
60.7230561819
47.1660381107
37.6036092844
38.7366131697
34.557261322
40.1666025515
33.3542731199
30.0597956982
30.2616540365
30.2156345158
28.1803931208
27.6076958895
28.3374153805
25.8654268303
23.6413898945
24.5080363483
22.3632718649
21.6322585564
18.9789857416
19.3932850218
18.6292612691
18.6629513264
17.7806832857
17.1191660976
16.6441425223
15.6185762944
30.4895475521
56.7042713518
50.7131244564
52.5207622519
55.6314935389
47.0260521975
45.6244473257
41.5100257769
33.6916515455
24.9848911362
25.4337898083
26.8738554544
30.255402812
33.7561214542
29.0012117281
26.5907660131
24.7744970236
22.7635394049
21.625350009
19.3759985609
19.0877491074
17.8608372545
17.7927061305
15.91623452
15.7247922144
14.8308307791
15.8693017015
15.0036606283
14.9803514681
15.0812387543
14.2926930079
13.6672803478
13.4040787845
12.5057696066
12.3868299575
12.3626736331
13.0787888303
12.5304875178
12.0177905326
11.9469674749
11.0618322134
11.7130138817
11.3506528187
10.4172372589
11.4031550345
10.412151257
10.2378487282
10.7543359752
10.438592
10.2335371876
10.8903274813
9.92579464626
10.2665810995
9.53656238699
9.84755794811
9.75619155884
9.44911575985
9.7915222044
9.43868169069
9.3868217988
8.5744514699
8.75986898279
8.60570957947
9.03598592901
8.82350051451
8.77704167271
8.8247075634
8.81392026281
8.76874615049
8.99153901482
8.09207017183
8.63509974384
9.15101583433
9.1018069458
7.93808416843
8.4139919219
8.75224371147
8.60312962246
8.33779831076
7.69660417223
8.21070615005
9.30894932938
7.66829528332
8.73666253996
8.02893328547
7.75768619442
8.77228600454
8.93512860584
7.52299581051
7.5428856473
7.88082840395
8.22706826448
8.55097947216
7.62406391287
7.11132110071
7.07820580435
7.62774109364
7.14183657742
7.17999323726
6.76092968845
6.88950615644
6.53347857046
6.44308632851
6.68840686512
6.86309991503
7.15609606314
6.62665881538
6.94644176483
6.69164144611
6.70931980205
6.47774536562
6.4423217001
6.67540598011
6.55944697452
6.48714257598
6.42163247013
6.50515446401
6.32939351654
6.22147939897
6.61272376442
6.40897258401
6.65541593313
6.51363254476
6.6110971446
6.07488121533
6.6781368947
6.14423143911
6.15414815593
6.14897899675
6.6579946692
6.28892082763
6.51965930772
6.16437465954
6.40016494703
5.98105635118
6.09874454141
6.03619946384
6.18542930818
6.8328349154
6.35660084629
6.33239170408
6.39487455654
6.05469709373
6.02780621171
5.95754968786
6.15809277797
5.9621982255
6.35188071918
6.06273158264
6.2432409265
6.38280054498
6.3007723186
6.07965339828
6.2857364521
6.37030998683
6.05567578578
6.1608687048
6.08688235641
6.24220209503
6.09373481154
5.99217024803
6.09281623292
6.2376078794
6.15493383932
6.20096674085
6.05337660503
6.0331816566
6.09211605692
6.04618891907
6.56949398828
6.02855692959
6.22102122355
6.34293894386
6.30083528066
6.40616026783
6.01704474068
6.41173616552
6.54329474807
6.42164181137
6.06525090933
6.39358181667
5.9959743619
6.29008877707
6.06442772293
6.32666704226
6.14451541448
5.9593725791
6.17548124933
5.94421450448
6.10283243442
5.83764110446
6.23082758784
6.15672069216
5.9469895184
5.96612386489
6.05254537225
6.07290260983
6.22324366665
6.21545750237
6.46722408009
5.86067513323
5.81915470624
5.9594338789
6.23107426238
6.09854879689
6.21730109882
6.03785088444
6.31267109036
6.17117752767
6.2023472569
6.2501073947
6.16966163349
6.12231932425
6.10075707698
5.98777387929
6.27109974432
5.99420471883
6.42776500654
6.19458815861
6.13194493866
5.99667639875
6.47721037579
6.20696707273
6.24210471797
6.06522556543
6.01625562072
5.92277144718
5.98920550704
6.23382394123
6.38256409788
6.0959604373
6.14132326555
6.36558266115
6.19938783288
6.25008952546
6.30879699588
6.00198131537
6.31513998771
5.99925227523
6.12441150856
6.29987218285
6.5660818367
6.21932228303
6.17055097723
6.05755571055
6.29376516819
6.48411432362
6.25797539067
6.03073235726
5.8176720171
6.08238430262
6.05906715012
6.2825706327
6.10847811723
6.1411159122
6.46627025366
6.04080643892
6.02040568781
6.191876441
6.1106182332
5.97239594769
5.78875200343
6.30059986734
5.97741954041
6.0255020709
5.93586295366
6.12334821343
6.23671547747
6.18191310787
6.47636225104
6.11439428377
6.01068363953
6.35887258935
6.03318957758
6.05621923494
6.26767640567
6.25083518958
6.23208226943
6.22266280246
6.4476042161
6.28875040412
6.13591881561
6.34795052505
6.21851738977
6.14001275373
6.2715991106
5.96473893619
6.01164527631
6.37168221378
6.01778948998
6.08650748301
6.27273176885
6.37904594994
6.18247022057
6.20745345283
6.35512295294
5.89985800505
6.24010210323
6.16399641228
5.92455327058
6.51545760345
6.48689100361
6.03495242882
6.01410952687
6.01609261799
6.29020732403
6.29583665013
6.10302672076
5.99447176051
6.39536290073
6.13220659804
6.05661023688
6.07417794371
6.3149344182
5.9486177671
6.3766397481
6.1057086668
6.01362486815
6.19062943268
6.07464067578
6.70196332669
6.00024334979
6.34251105928
6.1231242342
5.95431591487
6.50384517121
5.91920184946
6.24215786529
5.89180349541
5.81407920122
6.61088589907
6.03159133339
5.85514938688
5.88713903475
5.94683192015
6.35634976339
6.11809788322
6.22695806599
6.19061712575
5.84234378052
6.26136616111
6.1998441987
6.08089747095
5.85846504235
6.34249182677
6.02075971222
6.3196446836
6.2297698667
6.06200807285
6.10131578183
6.21604239511
5.86162237573
6.29973432398
6.05799692512
6.01668570256
6.09852427793
6.08791837573
6.30045193505
5.87246858811
5.92563258791
5.88516121888
6.24401018524
6.01826961732
6.22601752138
5.99681416988
5.89266714144
6.18862241793
6.33603404713
5.75155641246
6.13463642788
6.17461366796
6.26290980291
5.9176750803
6.06912054205
6.35238486481
6.31118599653
6.17441112781
6.52303168297
6.62204170108
6.15442706609
6.01897095776
6.27269964385
6.07200510311
6.48806643629
5.90703871059
5.92275079155
6.07299261904
6.18585391474
5.94892320633
6.12532632875
5.89315416193
5.92361179543
6.58785253549
6.03673691106
6.17162198377
5.92250095057
6.14167844486
6.4901254406
6.27245862937
6.43730678511
6.18933021545
6.23129853678
6.26897944069
6.25182380629
6.07205865574
5.88720414615
6.10142541409
6.09515548944
5.94362796998
6.00451744938
6.11888797927
6.12983089375
5.95430683947
5.94769002104
6.17763782859
5.91823084831
5.97190510535
6.58217018938
5.99825133944
6.2944356935
6.11764407372
6.07407821465
5.90374577093
6.07739414907
6.16993623853
6.06345547438
6.30383772087
6.01883423686
6.07096677876
5.88369074821
5.93038824773
5.90679571438
6.07612019372
5.98556519151
5.74332766867
6.12016621614
6.03167430544
6.00317670321
6.13749387836
6.20716050911
6.31901538348
5.99500252533
6.20760354161
5.91594851661
6.03227496982
6.1829058497
6.06200387239
6.08193621564
5.83374821615
6.39460402179
6.12051149607
6.09041741371
6.08878173566
5.85298221731
6.13579276633
6.03004224253
6.47942005777
5.87741062593
6.17741643715
6.13998006439
6.05203290963
6.16082946873
6.00566205883
6.26942510772
5.90706203866
5.93181943178
6.15632593536
6.00818496633
6.21539213371
6.20668387437
6.09227764392
5.92740794945
6.03001749063
6.061499053
6.17761577392
6.33919532871
6.09274548292
6.27406214905
6.2399136982
6.07764700246
5.80563332486
5.83408632159
6.0169625349
5.87710077095
6.12424724102
5.90600747585
5.76999974513
5.94010810995
6.12804448509
6.3832015214
5.8798222425
5.93457451534
6.37308050895
6.04875011444
6.2483758657
6.27932200599
5.99657735729
5.85110341358
5.57614849877
6.30452223253
5.84882913566
6.09035886621
6.03731684637
6.36057954979
5.92225961709
6.07112730813
5.84196686196
6.09419575596
6.08772879004
6.00854497266
5.86887232232
6.18257683706
5.96073409104
5.9136538806
6.61699336982
6.19450253415
6.02177340078
5.97285040975
6.12456036806
5.7942034924
6.23519665837
5.88356793523
6.02335742187
5.76166785312
6.1950129559
6.06274600482
6.15074828124
5.92401958776
6.052613132
6.05320388055
6.13122052479
5.87526589632
6.15286105871
5.97540610623
5.98650107718
6.46708987546
6.0774785614
6.33311837649
6.02930043554
6.07826221108
5.97621721768
5.97789331722
6.12187268281
5.86413074708
6.10242793345
5.85357524776
6.2421658597
6.10162932396
6.27503802133
5.80248270202
6.1852242856
5.84813136578
6.12465234041
6.18879022074
5.91037525487
5.82881866455
6.02488037658
6.16302319217
5.98959010887
6.22002605772
5.87933031559
6.23732762837
5.95420646
6.21850619364
5.86885598683
5.96594315243
5.90487788987
6.09319333982
5.95895770669
6.0316019671
6.07440700078
5.93669062901
6.12255069041
6.05702120495
6.12761621881
6.16577541375
5.80748637867
6.02931215692
6.0727994163
5.9541673243
6.22041552067
6.0541809094
6.07221598482
6.08541586518
5.93323626447
5.96130343628
6.02929786515
6.31247815704
6.18709889221
6.35858244085
6.03104297519
6.19069597292
5.91331944036
5.88712214208
5.89767757702
5.99239276195
6.21766049099
6.11789380574
5.78546075416
5.86617397785
6.23084013319
6.03685135269
6.21192648983
6.05704062223
6.1408126502
6.14046229219
6.06669113994
6.05189046478
5.82999494672
5.97486549187
6.04441426158
6.04024830127
6.43604438972
5.89229400373
6.07256750917
6.1136695354
6.28847064209
6.06595836616
5.84847870731
6.00450359583
5.87500382686
6.11195954967
5.92312922907
5.99458461785
6.27742236829
5.87238077664
5.72906749272
5.96354971051
6.25891202426
5.9923662045
5.84696253037
5.90515337777
6.10150271249
5.96382197952
6.02469018555
6.10661538196
6.07633539391
5.80836270952
6.03642849755
6.29469752955
5.99179399252
6.08320769835
5.96648719645
5.69849067116
6.11191187882
5.87843731141
5.75627021623
5.7214174149
6.13152187872
6.16428523684
6.36427300429
5.85951609278
6.07101630759
6.13187128711
5.90134965014
5.91730387068
5.94931613231
5.93185368609
6.14761889148
6.00303176904
5.97185202622
5.92457045698
5.88094157362
6.20580091596
5.91277385473
6.14152360845
6.02971621633
5.99594153929
6.00613852644
6.21563754654
6.07453098011
5.72693290663
6.00039367533
5.92248775005
6.02355500984
6.07112093544
5.87788359642
6.07636501646
6.00713425899
5.96866865182
6.30853331089
5.66888417196
6.19129337692
5.95488825679
6.1097417872
6.05364252377
5.90237810302
6.02979823136
5.73527483869
5.84812657952
5.87963851404
5.9061439023
5.79262800956
5.93833795547
5.91934626722
5.85171672559
5.77393716621
6.0179782908
6.05360754228
5.96540545487
5.98972054291
5.92951464748
6.10217554379
5.99175251245
5.98801524758
6.20127728438
6.18434462881
6.13025473022
5.86293442512
6.16996265531
6.20105954242
5.98453895831
5.77846266675
6.01917651844
5.6910437808
5.76655865407
5.78640516615
6.09577718067
5.99968869805
6.05188497996
6.09175218964
6.08472733355
6.30116065836
5.86018400168
5.90552862048
5.95126297855
6.03681361628
6.1695017643
6.08231783843
6.21572371078
5.72182074237
6.03162185884
5.75979674959
5.96412200356
5.93446768308
6.20410274124
5.84887883639
6.10471117592
6.37031912637
5.91156514239
5.82183526492
5.72490215492
5.80193957329
5.84029504132
5.92443607354
6.05904323959
5.71558166814
6.09346940327
6.050998173
6.07312394381
6.14574720478
5.95312706637
5.95911013746
5.9274894073
5.7501797092
5.93155350876
5.74663400078
6.03381565404
5.94827164769
6.27455458164
5.98627890849
5.80479947877
5.88939216328
6.05719128704
5.57112542462
5.9646901989
6.37335783172
6.05824950624
5.9097384665
5.76498595428
6.00912470984
5.68553360701
6.00257420182
6.2960805788
5.8277940104
5.80177210712
6.00905093122
5.84140902901
6.30328167057
5.93408299184
5.770332196
5.7981479795
5.93915867043
6.19507435036
6.04208031631
5.74685686088
6.07463793778
5.87177716279
5.75378099394
6.09193260932
5.90545301056
5.99061034155
6.02060445714
5.98904603982
5.79218722606
5.99841257334
5.75618133903
5.89725381351
5.75535599422
6.03807257485
5.90402228093
5.80996465349
6.13094509888
5.99053937173
6.05789529729
6.0508493793
5.80875616598
5.76813301206
5.78613710356
6.13792537355
6.14761381483
5.79200539088
6.01688890123
5.9085656743
6.2839045043
6.05933920002
6.0069204843
6.07733261609
5.91884006429
6.18982007527
5.94673410869
6.03908516335
5.91457802248
6.17106339788
6.16083859587
5.93931255484
6.29859539437
6.00481513715
5.80397155833
5.81173508906
5.77073306346
5.96792160034
6.04097526717
6.02308387184
6.15327713656
5.73832345033
5.84376716185
5.77385312176
6.00618246078
5.75999107957
6.12109207606
6.42464937711
6.36159626794
6.36106441736
5.92984221315
5.85480323124
6.08252346492
5.81595098805
6.04987588167
5.86709757209
5.89865713716
6.12746479177
6.58403459883
5.72259657979
5.72860067058
5.8452349298
5.90497126389
5.77989848065
5.81438807821
5.85205557895
6.03714446521
5.63172103572
6.23720985985
6.05036086988
5.83528843951
6.23076048875
5.64703318596
6.07657458305
5.72248625827
5.749813802
6.24235587525
5.82616955423
5.76853077579
5.8535128417
5.81406006765
6.35480881572
6.06651141119
6.06202672577
5.90434998107
5.9881934607
5.96953134418
6.16291867113
5.83394169807
6.03222923231
5.78265417981
6.02075235462
5.69777338052
6.09357348418
6.05517675734
5.73018720055
6.1276735394
5.86582210493
5.93144943881
5.94387416553
5.82357917809
5.73665342712
5.90685019302
5.76119972849
5.96389880991
5.86346476221
5.98015712428
5.85586121893
5.72837212849
5.85828865552
5.67309086442
5.7537951827
5.85478673291
5.56846934223
5.84473390603
5.75653569722
5.96651581049
5.88681847858
6.76992280722
5.94346976972
6.0274366436
6.15955942822
5.90250449347
5.7551817739
5.80476439309
6.1146726954
6.03490125465
5.97360229254
5.94438690948
5.88322614169
5.63235791087
5.82686235237
6.0578762064
5.72542210126
5.61664649129
5.69119074106
5.6925861342
5.61668437457
6.15596186233
6.10928538918
6.11577564692
5.72441768479
5.69163560724
6.35096314526
5.63570110273
5.90801503015
5.81570557094
5.95616134763
6.00695774126
5.63935041404
5.74727549267
5.82524056506
5.77995248199
6.02129891682
5.93164241004
6.09693602467
5.86193311357
5.9938058567
5.82079384398
5.90513469267
6.07374490547
5.89384712362
6.00599122858
6.47367927575
5.81300051165
5.98658073354
5.81850047565
5.67609630775
5.83761066365
5.82410235214
5.71131675315
6.02440945482
6.16988977695
5.86969076419
5.88191999984
6.10315261555
6.01856371927
5.88778125072
5.88823543191
