19.9084065521
15.1396954548
12.6253819919
12.0160988617
11.8479558504
7.41449875653
7.40556886435
7.28354696751
6.82776956499
6.78908532023
5.63850353181
5.5193920207
5.61312865198
5.81603294909
5.7131392014
4.81340898395
5.26113197088
4.96637856662
4.70375558853
4.70101943612
4.24436600029
4.26366622031
4.22347930431
4.13611207664
4.06476114452
3.92069916904
3.8988205409
3.80006633222
3.78873706818
3.69871763945
3.39013092041
3.52146827519
3.53148882985
3.45886373103
3.47070637405
3.28720043778
3.18136771053
3.22616090655
3.05858366281
3.09905549407
2.98545795947
2.93694422871
2.9735549888
2.92560169846
2.88099880487
2.77357847273
2.7883817637
2.74294510037
2.73528889209
2.65843927592
2.59710010767
2.56220581025
2.52104391217
2.58650348276
2.55429977417
2.48092769116
2.39501944631
2.44531324327
2.45354627758
2.40645052582
2.31653755069
2.33116431743
2.33123476386
2.30228219956
2.32103087485
2.27162153959
2.25161449194
2.23071996152
2.21224930197
2.18877144992
2.16585650712
2.18272753745
2.19438551307
2.16002989382
2.15345866293
2.12058799535
2.12299062788
2.0734999606
2.11169256896
2.19982355714
2.13982151568
2.10818400502
2.09085319072
2.07114788592
2.07624248147
2.04009100616
2.04337719381
2.00191143394
2.04082899392
2.01240714341
1.99720154703
2.00437178254
1.96302758098
1.99548250526
1.97677448034
1.95796726644
1.97108265281
1.95879698217
1.95373006821
1.92828749299
1.94516115963
1.95906265527
1.93376822621
1.92582870036
1.90219429106
1.88204462528
1.88149802804
1.98225507766
1.94419007778
1.96095092744
1.86382596046
1.90027540267
1.87725229055
1.94912458688
1.88431410581
1.85249051243
1.85740366578
1.85804134965
1.85498074263
1.92016774058
1.87494477928
1.82353879631
1.83252978206
1.84193630129
1.8321866098
1.95730366915
1.96466330767
2.04671875536
1.96103902102
1.9279842639
1.87682720095
1.86351804942
1.87967353255
1.88312734932
1.84255410135
1.81716858059
1.81311266333
1.8207766521
1.82632260501
1.82630458295
1.78036612183
1.79384916931
1.75888077199
1.7703529492
1.76355463892
1.75870835125
1.77723771393
1.77397799462
1.7550030604
1.75331733018
1.7506886521
1.72218611926
1.74724747241
1.73513248473
1.71952269465
1.78530655205
1.77759529144
1.74080996901
1.72501205891
1.71863764673
1.71852291644
1.71661922008
1.7129991436
1.7060245961
1.67191471964
1.68320027173
1.6747132194
1.67704761416
1.68817917049
1.69258012056
1.70055624276
1.72179299861
1.75560863584
1.70021103829
1.71012228996
1.66791944742
1.66475279838
1.66707865447
1.65541665971
1.65956738442
1.66496229351
1.65210822076
1.64450427145
1.70462439924
1.65368814647
1.64117319167
1.6602152741
1.63988150179
1.64443647444
1.64673311502
1.59532036752
1.63787815779
1.62098732293
1.63568228215
1.66250317693
1.68279045731
1.66693529218
1.62190812737
1.6200196144
1.62506749302
1.59686917514
1.60228654832
1.60336994201
1.64404628545
1.61502963483
1.61386390209
1.58288768113
1.59511827141
1.60166124046
1.5742733413
1.58312470317
1.57770198911
1.57661709726
1.57557613254
1.57218628198
1.5666776216
1.57857615739
1.56915236086
1.56323278993
1.56732854962
1.55252619088
1.61098804832
1.94385121793
1.96279452622
1.88524762452
1.77834068626
1.7565745464
1.72037672013
1.74764990032
1.70620534897
1.69385148495
1.81591247022
1.77121832967
1.76696364939
1.7451002416
1.72748764426
1.71625623912
1.67541918337
1.68082663566
1.67440824777
1.67313911557
1.66337723643
1.66920986712
1.63848493099
1.62038838476
1.6103210026
1.60551255226
1.60984894902
1.59777448744
1.6043783778
1.59942375332
1.60003589123
1.61383793712
1.60038446426
1.55240613759
1.55706367135
1.54501078606
1.55317521781
1.55101295173
1.52104993433
1.53565435082
1.53195874721
1.52355185777
1.52909829527
1.5312245363
1.53394129783
1.52170863271
1.52092190623
1.53720780402
1.51732178211
1.52722363263
1.50184402376
1.51543662965
1.52238397151
1.51746460438
1.51068136036
1.49133036643
1.50433603495
1.66150746554
1.58019626528
1.51952997476
1.50000811636
1.49826059341
1.51328886449
1.49980968267
1.47980615437
1.48825807452
1.49839557171
1.48120485872
1.48822928101
1.49096611083
1.48750930101
1.47292938799
1.47391886026
1.4961749813
1.47526993334
1.46701354504
1.47428577721
1.47277319551
1.46545420945
1.47317070723
1.48078879148
1.45988238424
1.4648957938
1.44904984415
1.453962515
1.44549863368
1.45128094062
1.45554956585
1.49701019496
1.46800262898
1.46729166061
1.45786153108
1.45348778397
1.45690052241
1.45373520046
1.43692651674
1.43186976433
1.48035258919
1.46825702965
1.44559288591
1.43299418256
1.42546762347
1.44066414803
1.43041341916
1.42072199374
1.43520264432
1.43149446592
1.43938142046
1.42541506916
1.411173224
1.44354990512
1.44695224941
1.42798506171
1.4083701998
1.42535334408
1.42810683116
1.43375041232
1.42901403874
1.43890460461
1.43595765263
1.42654085085
1.41609415352
1.43058533415
1.40603230268
1.41342371136
1.4064425084
1.44875704676
1.43776587382
1.42743304908
1.42833418727
1.44972485304
1.43009085655
1.41564916372
1.41041557491
1.40159236252
1.40898623049
1.40315490633
1.40284050077
1.40055791289
1.40107085019
1.4084954755
1.40221287847
1.39189721942
1.39814877808
1.38114463434
1.38952633142
1.38224136814
1.38774074331
1.39676530689
1.37432785094
1.38699858338
1.40257140085
1.40549939632
1.39550810888
1.38355249196
1.39235361919
1.38450237736
1.38603972882
1.38570735097
1.37971725419
1.3933241123
1.38476770014
1.37679164231
1.63943746209
1.52589515716
1.4574561283
1.41062358126
1.43911451757
1.42118022412
1.39169492215
1.41760823697
1.41057226777
1.3867238766
1.36770614997
1.37538948178
1.38412040621
1.36759227738
1.37397212088
1.39061025694
1.45405959338
1.45593262762
1.44388914287
1.41853249788
1.40153045088
1.41152917296
1.40117648616
1.36843749493
1.37498904854
1.37345983177
1.37459827229
1.38423874319
1.35819480971
1.37811338246
1.37023109674
1.44648687676
1.40491106331
1.38786373451
1.3427089037
1.37201557696
1.36648131832
1.36250077233
1.3564164862
1.36524888575
1.37004547551
1.35916289017
1.35726427451
1.34422859818
1.3605250296
1.33990391463
1.36506662697
1.33752204224
1.34892090425
1.33358970702
1.35308444619
1.35884756476
1.35734211653
1.36918470129
1.34156569719
1.33578961402
1.34413367346
1.34543288365
1.34767751858
1.33609373212
1.34310783327
1.33513961628
1.34753073126
1.34893006101
1.33903456599
1.33149723694
1.34468628779
1.33541062221
1.33513476253
1.34283459798
1.32912608072
1.35029757202
1.33288189247
1.33545699537
1.33761915386
1.33211790308
1.33664340466
1.32175978065
1.32139909357
1.32669215322
1.3219244051
1.30544874087
1.31488408953
1.34138968289
1.34542079791
1.33997611612
1.31714737698
1.3165418233
1.31254329398
1.31714447469
1.32255486026
1.3247598049
1.33503850684
1.3378891921
1.32573643684
1.30843537614
1.29861227497
1.32260291412
1.31074154019
1.3184252426
1.30646496192
1.30312487796
1.31596037507
1.31912166283
1.29403941125
1.30434697345
1.31179580569
1.30704735488
1.30950133994
1.30185039908
1.30200452536
1.31035805434
1.31296548322
1.29890245005
1.31152822763
1.30096208096
1.2967211464
1.29647963718
1.30662150443
1.31015476495
1.28452910721
1.31524933502
1.29662966162
1.29180168033
1.2910588108
1.3012493971
1.3004746379
1.29778048992
1.31021917433
1.28333643839
1.29997130111
1.29841135412
1.29806324586
1.29639918238
1.30384463176
1.30279398188
1.28035442665
1.28879942223
1.30266597882
1.31105251417
1.29421835765
1.27853503838
1.27197236553
1.29015052512
1.27488241225
1.27875824079
1.29671355456
1.2896991463
1.29615454391
1.28149264127
1.29018821031
1.27840973884
1.28813188538
1.29158289835
1.27092758089
1.27047936946
1.27337992489
1.2840354
1.28834672883
1.26455852643
1.28072493792
1.27766182542
1.26784874529
1.27421012506
1.2672952266
1.28704518393
1.27560729802
1.27263878047
1.2690215078
1.28645979285
1.27689673886
1.27161258399
1.26538631126
1.28041042373
1.2820398733
1.27201503158
1.25657573596
1.27021593228
1.26156679899
1.25125271589
1.2793516247
1.27204507843
1.26162662789
1.262902987
1.25878118917
1.26353274822
1.27037744164
1.27892951265
1.25990810469
1.267731148
1.26906966776
1.26228683278
1.26424192086
1.27158572227
1.2759022297
1.27510021821
1.25445736721
1.25586071476
1.25709441543
1.24777686566
1.24305960953
1.25574125811
1.26439105913
1.26308308259
1.26258170828
1.26614322126
1.27590794072
1.25058052942
1.26713544384
1.25471415594
1.25245696679
1.24706767455
1.24611699313
1.25738560349
1.25437142253
1.24131039754
1.24839927271
1.248538322
1.22839985743
1.24610258773
1.26370437607
1.23856759906
1.24638701469
1.24920032427
1.26373657733
1.24904246449
1.25105590969
1.24653209016
1.2670217894
1.23911514848
1.23702174604
1.25137107268
1.24692987457
1.23992501363
1.25177336618
1.23766838104
1.22699480757
1.23165205911
1.23765570164
1.24114396095
1.24533829555
1.25065279603
1.24869091153
1.23734834775
1.24611647859
1.24576514453
1.23865324855
1.23452093601
1.24973069653
1.25064827129
1.24033585072
1.22729026973
1.24287305787
1.23566053987
1.23589819267
1.24634798214
1.22971215367
1.22535370916
1.22308212548
1.22854034469
1.23533108011
1.23373701617
1.23508292794
1.22959795147
1.22951379359
1.23320774868
1.21625517771
1.23291661084
1.23049153447
1.21882967174
1.23780892923
1.22718038142
1.22565381765
1.22830344141
1.2284905377
1.22560006633
1.21899414808
1.24255245015
1.22923517644
1.22445677221
1.23361334682
1.21507944137
1.24976924449
1.23468817815
1.22279769316
1.22042184517
1.22214227468
1.22548937961
1.21547837958
1.23193872139
1.21694583938
1.22092277259
1.22171026587
1.24173099399
1.21783525169
1.22051579311
1.21416872725
1.23061447963
1.22701265335
1.21860285193
1.2238153249
1.22264693409
1.22103595063
1.22836898699
1.21049071804
1.21730779558
1.22888855353
1.23030065417
1.21935206443
1.21807139263
1.19866031677
1.21250905827
1.2330483453
1.22033882692
1.21185439914
1.21217830881
1.2306888473
1.21429155231
1.22146094576
1.22173120841
1.21326485217
1.22144040093
1.2222995767
1.19943041205
1.20970554903
1.23517396778
1.20900540084
1.21578220218
1.20293814123
1.20882785901
1.21366295949
1.20201525405
1.19644165426
1.21217063546
1.21733407781
1.21204081416
1.20970724002
1.20526485085
1.20385979339
1.2002523011
1.20385749727
1.20095303684
1.20818693519
1.21945690423
1.20238139316
1.21695733935
1.2162357834
1.20218037426
1.20897448853
1.20222646087
1.19701576814
1.19978069201
1.21479388028
1.21313760951
1.20513004139
1.20553859666
1.18195975065
1.20022821814
1.21481939062
1.21043833286
1.19433195248
1.19162813351
1.20605496615
1.1951816991
1.2100042288
1.21156960517
1.22500369534
1.21027042046
1.20334192261
1.19399852484
1.19938918486
1.20965224564
1.19888661563
1.19871082455
1.18595584095
1.19940856755
1.1986658065
1.20612709284
1.19160412833
1.19523571029
1.2053421919
1.19778575003
1.19156252652
1.19703475744
1.20444492191
1.170777096
1.20623114288
1.18014505297
1.20087500259
1.1946904698
1.18105940759
1.20458859146
1.19357478261
1.18734092966
1.20466922686
1.18520785078
1.18548143372
1.18842300013
1.18737705976
1.18596561283
1.17368211851
1.18106677741
1.18430620536
1.19382293791
1.19411296412
1.19092525348
1.18680716828
1.2108922714
1.17829053879
1.17983771548
1.19130450055
1.19079214394
1.18308356136
1.18205197528
1.19282447204
1.17831064373
1.19092019677
1.19154015869
1.19409780964
1.17909816876
1.20075435743
1.16043553472
1.19912807062
1.18080158174
1.18445634812
1.18692537636
1.1867048046
1.18258629501
1.18700042561
1.19158497632
1.19144435495
1.17934796348
1.19476204127
1.1876884006
1.17214346394
1.17591163605
1.1862329416
1.19151084945
1.1926666531
1.18310370967
1.18691587329
1.17703796133
1.17076028407
1.17973456144
1.17799527556
1.17903792888
1.16508512884
1.18517902881
1.17589489847
1.16719066367
1.18399632961
1.18536711693
1.17975971386
1.1712933448
1.16876858756
1.18135803804
1.17547700509
1.17710576043
1.17944754317
1.17282800406
1.182196154
1.17121277213
1.1642619954
1.17126199439
1.17186944619
1.18578983411
1.16056295902
1.16638825342
1.16528912187
1.1719421427
1.17498855367
1.18413945153
1.15895024657
1.17147845939
1.15743861973
1.16658543974
1.17572972715
1.17788267612
1.18277435452
1.17382785872
1.16642680123
1.16444325805
1.17515700236
1.19105042055
1.17597545743
1.16821165323
1.1714261575
1.16791225865
1.16315070614
1.18060199022
1.18319171101
1.17465530708
1.15925187841
1.15505244359
1.17541615427
1.17808149442
1.17014354721
1.15119404033
1.16866674915
1.15368244812
1.16186167598
1.1731362921
1.16386210144
1.16763170466
1.17733620256
1.17031782925
1.17303988397
1.16449674755
1.16008893803
1.14794892713
1.1684422864
1.1712381582
1.15144007638
1.16725295588
1.17691546202
1.15969581664
1.15440218225
1.15459210455
1.16602344826
1.16575778022
1.15886544839
1.16099416852
1.14835584894
1.16758158177
1.16407855585
1.15071511745
1.16539196074
1.16051339358
1.16765708849
1.16215336099
1.15826441109
1.14827082232
1.16357733786
1.15578807354
1.15162472531
1.1643546176
1.16508848846
1.16027567476
1.17129738107
1.15698805824
1.16352930233
1.16670664638
1.16794204399
1.15637296259
1.14802394241
1.15779982612
1.14913447604
1.15317817524
1.17492811501
1.14256834164
1.16127589807
1.15036336169
1.16229851469
1.14868243083
1.17613812521
1.15500039414
1.15082559824
1.15862639681
1.1421572575
1.15645933449
1.15760948196
1.1497417146
1.13743297011
1.14491489276
1.14636583254
1.14676389381
1.15769610226
1.15220638648
1.15618993685
1.1624474293
1.14243282124
1.15560644135
1.13685986489
1.15598650366
1.14931761786
1.14560394138
1.16258921981
1.16331249133
1.13700181141
1.15631029174
1.13935065344
1.13711045906
1.13439875454
1.1501791887
1.15532496065
1.14654125258
1.15568431363
1.14906963125
1.15238431945
1.14701089114
1.12951878011
1.14920762777
1.15190218419
1.14663500711
1.14604526967
1.14393731162
1.14332264721
1.1397613208
1.15007899135
1.14517964795
1.15661863446
1.15133810133
1.14351660877
1.13504518703
1.14426465183
1.1435178557
1.13504705489
1.14790735558
1.12959330648
1.15137181535
1.14533909008
1.13292539716
1.13953038812
1.13660336182
1.15867827266
1.14022403836
