76.140557096
50.3379287124
40.2088920188
43.0148038363
47.5183914661
43.2075308108
33.0403679109
31.1610038924
29.8990433931
27.2325316668
28.1707944059
27.6426593041
25.5356373405
25.211775825
22.0412958241
22.7764228725
23.4880101132
21.510793612
22.4778502822
19.5394596004
18.868173697
20.1019216108
19.1959498954
17.8377541208
17.9005892467
16.7254456758
16.1281768608
15.9952760398
15.0853146601
15.0829244256
14.4435739017
15.1612265861
14.4782979774
14.7872069907
13.6775531912
13.211185497
12.9016140103
13.1603672981
13.2073445249
12.3306768489
14.4374528658
11.9628672457
11.9541151166
11.8703332031
11.5570966184
11.3796293104
11.2099492991
10.8752865171
10.5346163154
11.2946073747
10.7937407994
10.2680382979
10.3515131748
12.3374293637
10.3013382125
9.90338156462
10.3221722984
10.1966806066
9.70084829926
10.035618248
9.47090038776
9.54127108574
9.53576438904
9.73323222876
9.53676405668
9.27685102105
9.81834524632
9.1548034668
8.82197864413
8.88851960897
9.76712113857
9.04462101936
9.14720004201
9.28857221723
9.07847655416
8.73836220026
8.77532700419
8.8680307281
8.83435878158
8.68208839536
8.11584830999
8.67490192533
8.30272059083
8.60700217128
9.10703041196
8.40815510392
8.60915694118
8.67819729567
8.08074110985
8.18981909633
7.90205168247
9.16909852743
8.2337585485
7.97775639892
8.16559375763
7.90062333584
8.40943037868
8.11982574582
7.88557731748
7.71477399468
7.881425457
8.11258168578
8.00931319118
8.06506294608
7.7660583365
7.71174818993
7.67785095572
8.23380864143
7.69054464102
7.61612333417
7.41630818248
7.5295552671
7.87346070647
7.61658993959
7.47232535958
7.47722911835
7.68466381192
8.0356050694
7.64222666025
7.24692739248
7.78255743265
7.42397867441
7.53209382296
7.71561091065
7.2929773891
7.48206611753
7.66773664474
7.37616218209
7.17690695286
6.97398850083
7.61017245173
7.55706163526
7.26181076527
7.42369477987
7.40356120348
7.0287953794
7.21353746176
7.8166258347
7.34782397151
7.18335083008
7.20590962529
7.34871854424
7.01068737507
7.12504494548
7.01444674373
7.3093128252
7.01340171099
7.13309793472
7.19146896124
7.62748802662
7.24305306196
6.96349741101
7.02167037368
6.86227327943
7.07583739638
6.88995835066
7.02717583537
7.13501869977
6.83778753817
6.84521424651
7.62357906461
6.9441775918
7.46452073455
6.97486783504
6.61677299619
7.0169573164
7.00314195752
7.15762911916
6.98651791811
6.69549209237
7.03030642629
6.69889172435
6.7702590847
6.75524012208
7.22997056961
7.3502397716
6.88089365125
6.89297109127
6.63381127119
6.73708137035
6.60565962434
6.79365008116
6.9830585289
6.60544792891
6.75780417919
7.09619168639
7.0487620759
6.65453409076
6.75212777376
7.07289456964
6.80111326218
6.61983241677
7.10777237892
6.71583075166
6.36861568332
6.39854757786
6.52002012968
6.4512283951
6.65751025081
6.84996997237
6.83208873868
6.72221756637
6.45690563023
6.60007356942
6.96163791537
6.74362882733
6.53281188726
6.646019122
6.62075469255
6.67220403969
6.56841906905
6.64286009192
6.48385417581
6.90783865213
6.53167090178
6.81453699231
6.56591251969
6.62846258998
6.87625009418
6.67162601113
6.63921867728
6.37770807683
6.88531378388
6.64255953372
6.72132516623
6.50892383814
6.77996851265
6.29301885843
6.41715280533
6.81289535046
6.58569558382
6.24977624536
6.36098269105
6.3207900697
8.51800938368
7.53745732903
6.86541133404
6.62650405765
6.7426883018
6.38325178087
6.37133338451
6.25354446173
6.23917793393
6.40233127594
6.60325348496
6.15924355626
6.14042672276
6.56615681887
6.44861444235
6.2939130187
6.32610120595
6.44661409497
6.25831146002
6.22879735887
6.66878290057
6.56426370502
6.70014894485
6.40095727146
7.19300529122
6.46106212378
6.66273247004
6.21623671293
6.44564688325
6.49680084705
6.25064466715
6.16145798564
6.51961771727
6.21606667101
6.17751444697
6.18112521768
6.40862599671
6.00598100424
6.3795237422
6.69965971708
6.21444650412
6.33331697345
6.21408846855
6.32928726614
6.33123754501
6.84659164906
6.22404553592
6.31256507277
6.89098216474
6.25463220477
6.60950294137
6.32222567201
6.25843895793
6.48736594796
6.39687673807
6.36378718615
6.41497728288
6.1063238585
6.16302801609
6.0035882175
6.10876188338
6.07099059045
6.09969689965
6.07618601322
6.19214105248
6.27664160728
6.5759448266
6.25320344448
6.51659896255
6.34486061931
6.06021350026
6.24193626285
6.34180345416
6.07180726469
6.18060760677
6.29210170984
6.30288699806
6.04351563454
5.869083184
5.86693889678
6.11204848409
6.24703646183
6.13834773183
6.10536622763
6.16710998774
6.29613013327
5.89161581039
6.00055580258
6.17009931326
6.51287627578
5.90416005015
6.13131660402
6.1895766753
5.94589224935
6.46896640301
6.11772065163
6.05042715251
6.12054263771
6.10192641795
6.16926392853
6.38876041889
6.00125405908
5.8745565331
5.99599388301
6.36899872899
6.85288498819
5.9334080714
5.84103790104
5.84393959284
6.44019030392
5.88920400321
5.93140768886
5.90107053459
5.74184921622
5.97665797234
6.33500085831
6.02454157948
5.76123002112
5.80441677451
6.00517302632
5.97996384919
5.90371069193
6.0793162936
5.98492227316
5.92911520243
5.76217346311
6.02182716131
6.04177817583
5.85593938172
6.86466605842
6.01529514492
5.97396112978
6.13633969784
5.90742538869
6.01356072962
5.9553322345
5.81414040983
6.04961266994
5.87585023463
5.66973013937
5.72688328922
5.87736682653
6.20197422981
6.03345234215
5.8179586792
5.74825408816
5.66079992831
5.90519547701
5.81158437014
6.00842017114
5.94625046849
6.18798114181
5.66291693449
5.83360678673
5.73037048042
6.30085880399
6.08375335455
6.21792327404
6.41946655035
6.08495078862
6.20982772171
5.77210391462
5.91446941733
5.70204337358
6.09808192074
5.88410694659
5.79607788682
6.08352465749
6.00412082553
5.88993769944
5.96249255002
5.84025132895
6.01677201867
6.48397712708
6.22733000517
5.99179706216
5.98993611634
5.84084387481
5.96193431616
5.77811411619
6.18190403819
6.11530270278
5.82625124037
5.84250026345
5.85599909484
5.85887731969
5.87945890546
5.77334716737
5.88035922229
6.07263672709
5.78960551798
5.74301571369
5.84584612966
5.82961107314
5.63775535107
5.71993251026
5.73055350363
5.8122907424
5.81577057838
6.17604453206
5.94276225686
5.76232975781
5.74272201955
5.81934130549
5.9262654376
6.17614287853
5.53889153004
5.56072843969
5.65703485012
5.65055357218
5.60695426166
5.63038988054
5.76307725489
5.72769670427
5.85858621657
5.82242158651
5.74271882355
5.8448463726
5.75083540082
6.18074440241
5.57490100265
5.77296900034
5.51249299228
6.07145726204
5.61493180633
5.8213832885
5.57608731747
5.75344850719
5.65250358224
5.8174187547
5.65536488473
5.66185275972
5.89143849015
5.63936089993
5.5684807533
5.9367814064
5.84089928627
5.57970072687
5.67277882755
5.64024307728
5.80200813651
5.73058450937
5.97780787766
5.70956676126
5.91349152327
5.6891309011
5.48595735192
6.03270168304
5.81064515531
5.73784705579
5.75827899039
5.50219794393
5.68689498067
5.52003004014
5.73949228823
5.6318812269
5.5589110738
5.65598000765
5.77696938515
6.03885656416
5.68274911225
5.58784099281
5.54966974497
5.56212498903
5.76294285238
5.72843523264
5.80741739631
5.96745233595
5.58040839612
5.51084963858
5.65770857751
5.85590996861
5.69442147315
5.43012820125
5.65662315845
5.66935515583
5.5004872179
5.4471455121
5.44175852001
5.60831304729
5.71457126915
5.63840139925
5.74700208962
6.15266390085
5.52119838238
5.97391034544
5.99324064612
5.63636754274
5.62772581398
5.71474510968
5.49856882989
5.514949283
5.42210121572
5.67804438055
5.28823456287
5.49397936463
5.65712923884
5.92350720048
5.63150039017
5.40441839933
5.52641745865
5.50399273992
5.64489487827
5.50310974896
5.49976340353
5.33229788125
5.31379604161
6.3386082375
5.49705043256
5.51161819756
5.53398625612
5.64918174922
5.40263849556
5.54372122347
5.60398232579
5.55736968994
5.57431908727
5.44341277778
5.18688493192
5.58526287556
5.81396281838
5.56649258494
5.48097398877
6.12050227284
5.71324599385
5.72735615909
5.42500472128
5.64780932486
5.71000825286
5.63682632804
5.34827914298
5.43542865396
5.56484063864
5.54354683697
5.29626567066
5.41204863191
5.40798700154
5.37665884674
5.71511891246
5.51799658418
5.49274916649
5.62347048223
5.69961590171
5.80985535979
5.44360500515
5.47042737007
5.56741868138
5.48823888958
5.41578620791
5.35364046812
5.43674832284
5.71514301896
5.46028471887
5.35916796923
5.37166006684
5.61352607131
5.55871924579
5.84193134427
5.79527651191
5.4155591625
5.32095165491
5.37590632558
5.47288341582
5.38114033759
5.53254902601
5.33782820761
5.57157966375
5.44607631326
5.70120086133
5.45539756238
5.39275580406
5.7440522778
5.44294191897
5.61371572733
5.3497992456
5.29571406424
5.49975709558
5.28314358413
5.41591832519
5.42164412498
5.25759537816
5.38193344057
5.51127645135
5.46403337359
5.5047770828
5.33450086892
5.6061185652
5.43546494126
5.55543063641
5.38153797626
5.50552765846
5.41385819495
5.50506608844
5.36230508029
5.36992150068
5.44978215873
5.44117975652
5.31559048176
5.5433435905
5.51782641828
5.5761851716
5.55543452024
5.46395624936
5.48029660225
5.35927332222
5.22612137318
5.46741687536
5.5521118325
5.37753500104
5.34812355816
5.51217291236
5.4731951803
5.51204565406
5.57243238389
5.51644277692
5.64231345713
5.32547284365
5.17955435574
5.37429628611
5.22525652945
5.26333031237
5.78732425869
5.23483130157
5.65560602367
5.3601267302
5.24629248142
5.21084161401
5.30343382299
5.69302836537
5.26953049779
5.49877450824
5.56127513468
5.22380279481
5.39034453034
5.18822920322
5.53558186471
5.56128002882
5.32458336353
5.19818916261
5.74973052561
5.32245270073
5.35323522806
5.42040439844
5.54601489305
5.77067103982
5.32258032143
5.40220860302
5.13618926346
5.22242531478
5.31056107938
5.52506276369
5.43344184697
5.18055136919
5.46940137148
5.61884300888
5.6450872916
5.26457779646
5.50758559406
5.42328715563
5.22710327685
5.43400630593
5.64636909544
5.34413484097
5.34385584712
5.18902696967
5.18808654308
5.19068711758
5.2597010839
5.27789057434
5.34485390067
5.41208462358
5.20372452676
5.41440202534
5.42686776936
5.31297773659
5.1490757817
5.64988386452
5.47640426576
5.49792325497
5.55891289651
5.10881349087
5.44102004468
5.33350775778
5.32690805256
5.3960114491
5.73006151021
5.25108407438
5.20546845317
5.0723262912
5.10425225079
5.32580257952
5.22299104154
5.98988572717
5.30487281084
5.57655572295
5.30137294531
5.29643632889
5.27610396564
5.32604248345
5.27641712427
5.21145468175
5.76284108222
5.28292597771
5.166771999
5.1503567934
5.31894799411
5.52344108403
5.31251786709
5.24360772491
5.32424137235
5.76077786982
5.47141237915
5.14148951948
5.28495513201
5.11361377239
5.50651814699
5.62778996646
5.26079487145
5.28013376355
5.05843413889
5.10783652484
5.52362762034
5.31487207651
5.66014096141
5.40927466929
5.25120689452
5.16329035759
5.17570904195
5.37500128567
5.43808085978
5.13217003584
5.134143852
5.11021382928
5.16547937155
5.2184085387
5.43700978816
5.29201538265
5.32775107861
5.41505061686
5.26240417123
5.24727077484
5.38637672961
5.08455624044
5.51975574017
5.23621951818
5.37171996832
5.20556121886
5.23994894505
5.39724478424
5.3385857749
5.35805232227
5.33733560443
5.57620260179
5.05994670987
5.20627796113
5.22665756583
5.41148763776
5.2937271297
5.06454424739
5.24517952561
5.35998659551
5.40583014727
5.18981790185
5.20057993948
5.13264476836
5.23953135431
5.19753770232
5.47580423117
5.4673595351
5.09390946209
5.13162989736
5.16277604759
5.2976745522
5.28474810362
5.39127144039
5.16484660804
5.9736903888
5.26476451218
5.180317536
5.12386194825
5.49985043943
5.18863288283
5.36516491294
5.16205803394
5.09657348275
5.103354249
5.38780781507
5.22963465333
5.21278129578
5.25179898858
5.2457527709
5.12511029184
5.15464543521
5.21202624857
4.96861685932
5.24488972545
5.51245160341
5.14202810943
5.01580088556
5.20849063933
5.44554891407
5.45634412169
5.12425222218
5.11133076787
5.08900846958
5.12309869528
5.11537608027
5.19603598654
5.21380030692
5.26846648633
5.25228675842
5.38653607845
5.48829036772
5.26419007123
5.02622012615
5.30466882944
5.06471029282
5.1290214169
5.1094604677
5.32792510092
5.13154188037
5.10238414407
5.40048104405
5.41089393079
5.75812794507
5.09255415797
5.23165161073
5.02426189303
5.02045499861
6.09459236801
5.36865621626
5.09029262841
5.0736634922
4.94179813743
5.22677497327
4.98524464369
5.36178358436
5.36885102332
5.25315606654
5.76795493662
5.1324170047
5.14338067591
5.0361834532
5.63103035629
5.22149950862
5.06431696653
5.48099894345
5.25247112334
5.10546906769
5.05191388905
5.21938639045
5.33614945829
5.23315280914
5.14832433581
5.14087055445
5.17914992273
5.36011767387
5.28498930931
5.16782953739
5.25524374425
5.13262188673
5.13107394695
5.25914554119
5.19356383681
5.54530770838
5.29640709996
5.2017791146
5.04688052893
5.33645359159
5.02018227339
5.18727062285
5.38499448836
5.01827574372
5.21285883427
5.27868643939
5.29126958847
5.11674487412
5.16649112105
4.91812798083
5.11023880899
4.96374563575
4.9166135788
4.94450537503
5.35819001913
5.21661524475
5.19263069391
5.24799928248
5.15208117783
5.26939572036
5.04282601058
5.12368136823
5.59060673058
5.10466325104
5.32814481318
5.12936078727
5.05147521973
4.99511614919
5.04205851853
5.24469857514
5.11339432001
5.42268069386
5.27162207425
5.05788479447
4.93212039232
5.05024799824
5.2680978781
5.32906661689
5.32343730271
5.16402134657
5.29479185641
6.08353277564
5.28237136185
5.10980733514
5.18999409974
5.17211073995
5.38529831946
5.04375809312
4.91753469408
5.06130635202
4.93198539197
5.1083506763
5.0750538671
5.62173553765
5.08613786876
5.04041112959
5.03347773671
5.02303693235
4.97101087451
5.01291252613
5.31467901707
5.21890068054
5.22938272715
5.22878913283
5.10179239094
5.09510318637
5.05536034107
5.06789961934
5.10971688271
5.31766913354
5.52718404889
5.20821708322
5.26623479545
5.04103728831
4.992737903
4.87666262686
5.25226439357
5.39805427015
5.13273996115
5.06269819856
5.24857519031
5.10629852891
4.96700153589
5.1380902344
4.92254983187
5.45122260988
5.1229472208
5.07705301046
4.98944167733
5.05546518087
5.12456521273
5.22257931113
5.11368934512
5.34025673032
5.21291581392
5.18526681721
4.98148495197
