5.80621166062
4.48481297851
4.60278938389
4.43436749363
4.42975643349
2.96066468596
2.93928071523
2.89783879137
2.87512503457
2.88535426521
2.4529894731
2.47248143983
2.45665064466
2.37174217141
2.34466695297
2.13598556662
2.1035579077
2.07572577417
2.01891736174
1.98900243855
1.86902121961
1.86246303737
1.82947376728
1.77071242392
1.72105807078
1.61025680876
1.56707168591
1.53909818625
1.49197686708
1.44915967989
1.37886895525
1.34860594648
1.31191486102
1.29088443339
1.25537995195
1.21829651785
1.18543820614
1.17103866112
1.15363488847
1.13540985167
1.10944777846
1.09601048917
1.08551469016
1.06445183587
1.05732144541
1.03180398911
1.02093253112
1.01201536453
1.00468185681
1.00033438194
0.988567737997
0.973970682919
0.967334089637
0.960841086984
0.956280667126
0.939825322092
0.929829040885
0.932347424269
0.923031216919
0.924362538338
0.908952091575
0.898820058525
0.901963480592
0.904688294232
0.889316819251
0.884400882006
0.880136232734
0.874452046394
0.871752954185
0.869513999462
0.866322476387
0.855187808871
0.84713200146
0.863331996322
0.859323529899
0.838222686052
0.832673532009
0.833500733882
0.836946956277
0.832241492242
0.835942243665
0.824661264598
0.822406232208
0.819501115799
0.811789215505
0.796247770905
0.806097184241
0.801595674187
0.800992646366
0.799007384837
0.777913343698
0.757742688179
0.755514767438
0.747100385904
0.746090455115
0.73303203392
0.732366452336
0.727255465984
0.723323959529
0.72785424453
0.726720961004
0.726089089841
0.722741224378
0.708393623561
0.72471208626
0.715215239286
0.71097905758
0.70809658429
0.713322923392
0.705049635172
0.701166386247
0.700731281281
0.710634467125
0.703847589284
0.695050508797
0.699208831996
0.700830706179
0.702529643804
0.697123732418
0.69987260583
0.69109788546
0.694616745591
0.688243719846
0.691920831591
0.692799098164
0.687204439908
0.690361390322
0.68756011644
0.68186233303
0.690051958829
0.684649592608
0.676388728052
0.685463912338
0.683337918073
0.679209415883
0.679015783489
0.67847917518
0.680138338715
0.675158873141
0.683899645656
0.677952053368
0.679960864484
0.668562481552
0.674505669355
0.672502173334
0.676298424304
0.672005553067
0.665789945811
0.666554557502
0.666848282427
0.670688041657
0.661981254786
0.665421949536
0.662644404113
0.662627320886
0.662833246917
0.669197472066
0.665560409009
0.661442752779
0.661558012396
0.657796388
0.664178788424
0.662977282584
0.65380096665
0.657157485753
0.662905076772
0.660855671287
0.651443310857
0.651783646017
0.658582169592
0.65488125056
0.656929298073
0.650583399206
0.656363731652
0.649037700534
0.654865852088
0.647520358682
0.64922135976
0.647195134044
0.651680554688
0.648589268386
0.649863861114
0.645430018902
0.646264111459
0.648973460793
0.646109567344
0.639091210127
0.647963660389
0.647795772582
0.649859482408
0.641659234226
0.643752997756
0.640090209723
0.641243527025
0.644858661979
0.640793069422
0.643720571876
0.641173894197
0.634221470177
0.646021444589
0.645611011177
0.636111944228
0.635046422631
0.634064448357
0.641737683147
0.63683845681
0.637209579259
0.634076228857
0.634475278825
0.627200202912
0.640261603802
0.63478466934
0.633614162922
0.631688574284
0.631851372361
0.637155210793
0.626888018399
0.627144703954
0.632322256595
0.634969236553
0.635057953387
0.632419271201
0.628251702338
0.631625199556
0.626425609559
0.633366711974
0.6233526375
0.62656953311
0.627877361804
0.625545388997
0.624133181721
0.627610004991
0.622081456363
0.624522291869
0.626597016454
0.626464253396
0.619588278919
0.626483277112
0.626063627958
0.625124058753
0.61903957805
0.621673308372
0.620987001061
0.621593347073
0.617303901911
0.613665912628
0.619421820492
0.625293852478
0.619375585496
0.621744074285
0.616676063687
0.614240875781
0.610416479409
0.609644144297
0.610792361766
0.615630119354
0.61491869691
0.614217363358
0.605471739411
0.608339181215
0.610645194918
0.616626919836
0.605447896004
0.611548799396
0.603869376332
0.609757523
0.600747416168
0.609343320191
0.610621416092
0.609476625562
0.610583668679
0.597915983379
0.603851216555
0.601588473409
0.598064650416
0.602653032988
0.598548705786
0.603765678287
0.60381580314
0.609581421316
0.601078627795
0.60467411688
0.596553304911
0.602712705374
0.597008592516
0.594166178405
0.600155047804
0.601393137336
0.599770403415
0.603278530389
0.598496848375
0.601202412784
0.597037055969
0.598794896722
0.601001667351
0.597993163288
0.598215150565
0.602922160983
0.597632848501
0.597017952502
0.597941449583
0.601902274758
0.597409758747
0.595301954061
0.594339938164
0.596864247352
0.598322551042
0.598205632687
0.603849040329
0.596235485703
0.604488568604
0.59419659248
0.59749791792
0.592970286638
0.60287400192
0.5972648215
0.594916672617
0.603302718252
0.601559273928
0.59861040923
0.595501696527
0.591526737481
0.594135843039
0.595639062822
0.592285224676
0.59891279158
0.603057933241
0.593699370205
0.594650221616
0.593890122324
0.5939483338
0.5966482113
0.596224483162
0.596329392135
0.598098336667
0.597151853472
0.595201938689
0.591139639407
0.596889147967
0.587479754299
0.587106243223
0.590749103963
0.594957744598
0.596905933648
0.588858850539
0.601536906719
0.593748532683
0.592224532694
0.592931676865
0.593120901406
0.592172994435
0.591654195786
0.591642857313
0.588271342784
0.592028165102
0.591750387311
0.592663270146
0.595797721654
0.595305096149
0.590703077078
0.594257168144
0.590839781314
0.590847138762
0.598743387461
0.592351774096
0.593515502691
0.594501465708
0.592929542035
0.595970918819
0.59074344629
0.597169694066
0.594759565592
0.585508982927
0.599272978812
0.587327310771
0.589681431651
0.591390420943
0.58737007004
0.590349584132
0.590393762231
0.589756345391
0.591748823732
0.591469296813
0.587900372118
0.589738201529
0.59312203899
0.593860120207
0.59429628706
0.587205872178
0.597868022233
0.588443048388
0.592639824003
0.588293202788
0.587152828723
0.590060563833
0.595286171675
0.594074191183
0.595837052226
0.59295950368
0.591482019305
0.589072917402
0.583313605875
0.590594415158
0.589411669284
0.588161727965
0.593733765841
0.594607064992
0.587107731432
0.588298285961
0.587413829207
0.592550449252
0.589819719344
0.586727426887
0.593100008279
0.577690324724
0.597881596744
0.59026413992
0.591059756935
0.591264942527
0.588431362122
0.589477599949
0.588291291982
0.593530922532
0.587043591678
0.58859285751
0.587368603498
0.584312968284
0.586111527979
0.587090075016
0.593947328359
0.592042566806
0.586001209974
0.591301450431
0.585258466274
0.592903154016
0.593910441488
0.585600911051
0.590220489711
0.589470885664
0.586972050637
0.5851975317
0.585526393622
0.591885558546
0.58685555473
0.585091139376
0.586208474547
0.585781500012
0.584567018449
0.585655349046
0.582278039157
0.596737178355
0.584360565454
0.588023200005
0.586063294739
0.580062552214
0.581598453283
0.579144152105
0.585938799858
0.586828736097
0.589669346213
0.588021022707
0.581690568388
0.586676524848
0.588022298396
0.58431130752
0.584108693868
0.592513647676
0.591311408192
0.587870403111
0.582486624926
0.586886672735
0.584968176454
0.588204479784
0.585913947314
0.587851825446
0.585752415866
0.587040385455
0.583432939351
0.576772719979
0.579076212943
0.586999161512
0.584218006164
0.589418357342
0.582686268687
0.587218978614
0.582475482047
0.575720847458
0.583633924901
0.582357501507
0.586225398242
0.584156873316
0.584043243617
0.581479898751
0.588262120336
0.586482395887
0.585914269388
0.585464084834
0.584871017307
0.582276577324
0.591944690675
0.581565372676
0.588391826689
0.582311488688
0.588350702405
0.584319720954
0.584126035869
0.586197524995
0.585768699914
0.584983085304
0.589460514277
0.582838149101
0.588581822187
0.581366100162
0.584351458043
0.58388769722
0.584274312705
0.583269619346
0.580478415579
0.58452818498
0.581453644156
0.582018497735
0.58273687318
0.587317841738
0.575152620256
0.583759897202
0.579993935376
0.585071220428
0.578845074505
0.58295771265
0.581230906516
0.583970394403
0.580071101964
0.583901246816
0.584060229599
0.585201565683
0.590663665116
0.584201055974
0.579358879864
0.574907227069
0.588328832775
0.584370013833
0.585964533776
0.582001190603
0.584145124286
0.579623567283
0.577904212594
0.582818906426
0.580733431876
0.588571296662
0.58196505782
0.584521342218
0.585276530713
0.585054089308
0.586456346393
0.582871330529
0.581642512619
0.584758716494
0.584218450963
0.580533720911
0.580663061798
0.582007741928
0.585519890815
0.589532846749
0.578868736833
0.587173901618
0.58214873004
0.584983299613
0.578957273066
0.587630155504
0.587704504758
0.583894929558
0.581601802409
0.576007749557
0.57574181667
0.581119397491
0.590956662536
0.576575362802
0.583565917641
0.581280764967
0.581432371587
0.580295415968
0.581114291042
0.584153018177
0.579070190638
0.580949729949
0.585829098225
0.579402935207
0.589094260305
0.581816643834
0.581376951754
0.584404966444
0.582338039756
0.576254181445
0.587096256942
0.578516478449
0.581434056252
0.574020686507
0.582935154766
0.582616280168
0.578164527774
0.577773404986
0.5809579238
0.585334313363
0.582480561078
0.585405084729
0.587190425664
0.582325620085
0.577718561947
0.581099181622
0.583591121495
0.580313738465
0.579359032422
0.579931468546
0.57240784511
0.584685116798
0.577190074384
0.588361455679
0.582691192567
0.580272853851
0.57777188313
0.581312673241
0.577920493156
0.583580445558
0.581108032316
0.57336469537
0.578214335322
0.582924060583
0.578080829054
0.580733967006
0.576386127174
0.582121862918
0.58096070081
0.57726814723
0.585650997579
0.581496081799
0.574929966956
0.584468183935
0.57814781338
0.577357402354
0.574624067128
0.583156273007
0.576698888898
0.581030362517
0.576223645955
0.576253231049
0.581160604313
0.576075788438
0.576592897922
0.57633210507
0.581290136635
0.579090595454
0.577871991664
0.569870280296
0.57889174065
0.57733133778
0.576093567878
0.585847341418
0.577994053423
0.576197020292
0.579736218423
0.584250459939
0.580804314464
0.575983749092
0.57975352177
0.580248977512
0.573603565305
0.58767473796
0.578711084515
0.576676422387
0.582839465141
0.570174977183
0.579472046465
0.581508222967
0.571750093967
0.575241157919
0.57472496894
0.575594145954
0.579470104367
0.575162992328
0.580551090717
0.578356080413
0.572938426256
0.57783914122
0.577729479969
0.575998759121
0.578433869004
0.576703859299
0.574796653524
0.573770405829
0.578011730522
0.582219607353
0.576582977891
0.573663967282
0.574465949804
0.577150541037
0.574538825214
0.576606265277
0.57236719054
0.578255494595
0.583329112232
0.575476855695
0.57624303472
0.577050873995
0.57800290674
0.577419316173
0.580095852375
0.581586036623
0.569786378741
0.581041380078
0.573721581906
0.574886737287
0.570334075898
0.573848259121
0.577222976774
0.573971893907
0.578088789761
0.581160101175
0.573854639173
0.576963248819
0.581269465625
0.581489247739
0.574699420899
0.573697628498
0.577569071233
0.573710491896
0.575400964528
0.572455681205
0.573229481399
0.575350382358
0.574216723561
0.572769638211
0.57658436504
0.574823564768
0.577444456607
0.570878430575
0.57456167832
0.579141220808
0.57533176899
0.57508378762
0.576106258482
0.57679752633
0.575046333522
0.573014910281
0.578126560897
0.580481567115
0.577472516119
0.57289973405
0.580818676591
0.576738443047
0.573764915705
0.573303039253
0.576171797097
0.572980775297
0.57826138708
0.573525449872
0.577039518774
0.577573311776
0.573477448225
0.57798083353
0.573089724451
0.574929166049
0.575704948127
0.576539456427
0.572076614499
0.573054465175
0.580798777878
0.58235343802
0.576186945736
0.573266967207
0.575184256226
0.578192797184
0.574566681087
0.573631176412
0.580684615076
0.572735599518
0.572656873405
0.57570322001
0.576867054909
0.57157585448
0.572402326137
0.574521348387
0.574759046584
0.572874838501
0.573538518786
0.568573343158
0.575236549109
0.572260722518
0.576815773934
0.575459536403
0.573987521946
0.57085378027
0.573185982972
0.571668924361
0.578586370021
0.576256492466
0.579125556797
0.575369877726
0.57501939851
0.572406721145
0.579015517205
0.570767571539
0.572526949257
0.569441565275
0.574917405277
0.573133148581
0.573439407408
0.570530701816
0.582260506332
0.574907391578
0.575864706695
0.569097950071
0.574164882153
0.574402338982
0.577034757078
0.579105636209
0.578248716325
0.572357280344
0.571008119196
0.571501139104
0.57008203721
0.579661865294
0.579744129866
0.574516046584
0.577664038777
0.578278679699
0.574434364855
0.576157537967
0.576647365272
0.569360655308
0.573612252504
0.575512151688
0.570352847993
0.574993077993
0.573011857003
0.576482941151
0.567988342643
0.574645505011
0.570971538901
0.57452989015
0.571890488714
0.575229425699
0.575697846353
0.575881945938
0.581672951162
0.574505803943
0.571504470915
0.573420124024
0.569902515888
0.567640180141
0.572385237575
0.575607946366
0.572287415206
0.57687011528
0.568301827431
0.573986878663
0.576581111938
0.571185128689
0.569680166632
0.567969472706
0.577031110108
0.573039736718
0.573243276685
0.573854303032
0.573353835642
0.573066574186
0.57096391356
0.573165231526
0.57243626669
0.573421776444
0.570975829542
0.571543730855
0.574668900818
0.570148797512
0.574509117186
0.571669258028
0.576865054071
0.572753162146
0.568127770811
0.574325532198
0.573704418808
0.570161608398
0.571485882819
0.570353397012
0.568532602936
0.573186906338
0.571885266095
0.569594460785
0.57223248437
0.576382482618
0.574519139141
0.566296521276
0.568017129779
0.573017271012
0.577052025259
0.575587108076
0.567959424704
0.571387519985
0.575994227141
0.570264762342
0.572454380631
0.570858766854
0.573048010409
0.579533470094
0.572797514439
0.573673217922
0.573875901312
0.571500152439
0.569787166178
0.574961765885
0.568843160778
0.572676371872
0.573640281677
0.568822615445
0.575681100041
0.571987662256
0.570637786567
0.570456224114
0.574020462275
0.567081475258
0.574280475467
0.564480315179
0.571470935524
0.57306515649
0.5705064421
0.567283234566
0.574624239355
0.570413271278
0.573638449192
0.568617236584
0.568461760491
0.570277098536
0.572469921798
0.57288701424
0.568405324191
0.575048450023
0.570673771083
0.567279776543
0.560952265561
0.576359242886
0.566083378583
0.57166050598
0.571150189221
0.573743866861
0.564231503576
0.577616814703
0.572492124289
0.572576452434
0.573928778976
0.569408915192
0.571113248944
0.565553890944
0.567879416287
0.579620642722
0.572837627977
0.566974052876
0.577837061971
0.570217460185
0.564983086348
0.569817146689
0.568764395326
0.569366255909
0.56648334831
0.570530895144
0.570585703075
0.574358017862
0.572261441261
0.56668854174
0.569668941736
0.57011270535
0.571498758465
0.569046775967
0.571759674728
0.571987599164
0.575007439703
0.573228393584
0.568104262173
0.568239888549
0.569083513856
0.572093527496
0.572495596021
0.563736251801
0.566090111971
0.572292997599
0.560916059732
0.565032285422
0.570763790667
0.570494429141
0.57091040805
0.575026755989
0.567243792623
0.577456907749
0.571657649308
0.571079038382
0.577157081485
0.562823614389
0.566870777249
0.57151939407
0.564275777072
0.565912456334
0.572848430276
