22.3318638504
14.3641253918
13.7112096965
14.1208644778
13.1329024196
8.81401333392
7.90809311092
8.10920488775
8.29863843083
9.54614361167
7.26733170033
7.56303005993
7.34349403203
6.55673391879
6.35252949238
5.77176487386
5.74013368547
5.92408577025
5.4882358259
6.03980360329
5.17755630672
5.19440992534
5.1441299212
4.88982311785
4.83259234071
4.45771821856
4.45735072672
4.47431532383
4.2241797483
4.32163802147
4.20328099668
4.14463518202
4.12407344699
4.08782462537
4.06224078476
3.88868315101
3.78001383483
3.78794173121
3.64276422203
3.64712470055
3.44418042839
3.37039352953
3.40251677096
3.38078011215
3.28314058244
3.26266187251
3.1242818886
3.05862478942
3.05567486763
3.01988705099
2.9453916958
2.91849768788
2.79835194707
2.82913265824
2.81430251688
2.73477374345
2.6733779788
2.65844159573
2.66374771178
2.62526392072
2.54993022203
2.50352303356
2.51917186022
2.51180832207
2.48057146549
2.41972646952
2.41339485019
2.36289610237
2.37172850937
2.37072733551
2.33579977661
2.30638342649
2.23229898781
2.26577428222
2.25722995132
2.23124357313
2.26114194185
2.22220770389
2.20192314476
2.14849448353
2.14238896549
2.14619230062
2.15351051778
2.12612085909
2.12410065889
2.07514520943
2.07612765491
2.11032435328
2.07246472567
2.03720994383
2.06101984143
2.05462854117
2.02567442268
2.02387771934
2.01211708575
1.95788829327
1.96890930593
1.97114730835
1.97329770029
1.93930545181
1.95385462224
1.91992848426
1.93610700011
1.93671230793
1.94708791047
1.8951134935
1.91723246157
1.88656620264
1.87165367067
1.9077001363
1.853769705
1.89123975337
1.86482867032
1.84860940665
1.85920233279
1.86856173396
1.8501511547
1.84741976976
1.83234886527
1.81833635628
1.80658977151
1.81843363285
1.81685418159
1.79853262424
1.77911979705
1.77327564895
1.78733487904
1.77903140217
1.80816315293
1.77929567695
1.75213515162
1.77144010633
1.76550579578
1.76939213097
1.7396879825
1.75731050104
1.75708169132
1.7498798278
1.76267802238
1.73353520483
1.70583798766
1.77633127391
1.71727256119
1.70872995108
1.72905994475
1.70981223643
1.69516620129
1.72829703689
1.69210147172
1.70514326215
1.68541007787
1.69007888734
1.67393075615
1.67540116578
1.67959795743
1.68034137696
1.67490624636
1.66448099911
1.67395304441
1.64260762274
1.66067937553
1.64853301734
1.64993056536
1.65631377786
1.64681162
1.64176192194
1.66313833803
1.63450449824
1.66828748196
1.63681946307
1.59690539956
1.6038754636
1.65617582738
1.60641854942
1.62569693655
1.62275664657
1.60777984917
1.61977048993
1.6116485104
1.60904981643
1.5982484284
1.59070719868
1.59313872606
1.59153757066
1.60673956096
1.58586280107
1.59087041825
1.59024072856
1.59222681314
1.57400597483
1.58191753775
1.57498387456
1.57089341849
1.560724051
1.58635654986
1.57143041104
1.5625403136
1.56707875729
1.5663604784
1.55578407109
1.54620774359
1.5605524525
1.58469857603
1.55080362082
1.55569462538
1.54287132829
1.53507912159
1.55830033362
1.53283836335
1.56505024731
1.52356226712
1.53374025553
1.52326028049
1.55274274856
1.53532937557
1.53146813512
1.54728046626
1.56682728529
1.53500558227
1.52975265771
1.52516127795
1.51053130865
1.51988932043
1.53951376438
1.51331523925
1.5143132484
1.52305838883
1.52045632213
1.51941148072
1.52271726131
1.513077721
1.50316336125
1.4904920508
1.48548569947
1.49990627736
1.48690742433
1.49125214875
1.51765051395
1.50638656139
1.48840151846
1.48587239891
1.49361038566
1.50985502005
1.4916725646
1.47641822845
1.47434108734
1.47824804664
1.48457941175
1.48671092778
1.46943762064
1.4762719515
1.48504479676
1.46411992431
1.46701043248
1.47202863216
1.45912153929
1.46321712554
1.46245890379
1.46190630883
1.47508131087
1.46762813836
1.4567621702
1.47035879806
1.46576621532
1.46363316327
1.4508799088
1.44797623396
1.44743053496
1.43831643105
1.44625309706
1.46008928031
1.45407959878
1.44061463594
1.4490083909
1.4487252757
1.46919088751
1.43851754516
1.4589492178
1.41939790308
1.43415329412
1.43098813653
1.43727287918
1.40733563513
1.43950521588
1.43028161138
1.43325283572
1.42293638617
1.42878545165
1.4206204614
1.42511466563
1.43406541035
1.42261577934
1.43995904669
1.42801534936
1.41277517647
1.43323276341
1.42262926131
1.43638090998
1.42350572765
1.42971411407
1.41382307321
1.41097379327
1.41430828303
1.41961217582
1.40785585836
1.42305541664
1.39969695002
1.43364183068
1.39460620686
1.41031696409
1.41484770834
1.39380234867
1.41176982403
1.41647743553
1.4026754643
1.39132421345
1.41351292267
1.41260681108
1.38906609148
1.41556177929
1.40075133085
1.40384798825
1.39712770283
1.37794647053
1.39479404509
1.39134929612
1.39696822613
1.39547065884
1.39255859643
1.39088804424
1.37479757905
1.38267939866
1.39229732424
1.39713751212
1.38333848506
1.39070198894
1.36910717592
1.3590048185
1.37531333208
1.37885915816
1.38096775115
1.37562032014
1.3723286204
1.38151646525
1.36605412811
1.3825439541
1.37405984789
1.37383781224
1.36547404736
1.37475541905
1.37161033243
1.36908220306
1.36201561287
1.37990681693
1.34648871481
1.37480555296
1.37808255777
1.36709400281
1.37750831783
1.36698340759
1.37346512571
1.3636280793
1.35429838866
1.36714532644
1.35576474965
1.35855754048
1.35568517432
1.35685938194
1.34981844112
1.36080228701
1.36366599217
1.34073312536
1.36595422998
1.34600507498
1.35539868847
1.3505200839
1.34928397521
1.34639762342
1.34105826885
1.33267060101
1.36610153228
1.35065675154
1.3592085366
1.34913451314
1.34020795017
1.34264851823
1.33866424307
1.34961884812
1.33342633635
1.32022933364
1.34125368342
1.3625990665
1.33090712622
1.32231535286
1.32902622148
1.32275273159
1.32829072952
1.35903057113
1.34301199213
1.33177271128
1.33095861629
1.34357981607
1.32913195789
1.32413167432
1.33080105305
1.33448997274
1.32041298822
1.32253854677
1.32397332594
1.32586505949
1.31477061346
1.33418797255
1.33725158066
1.32066581622
1.3415359281
1.31882609963
1.31464623779
1.3195123525
1.32225934952
1.32065528318
1.33258967176
1.32054435104
1.32547993213
1.3059926188
1.32314596266
1.31475273982
1.33517735258
1.31321803883
1.32381371707
1.3086621052
1.32644016653
1.31976538926
1.32626674801
1.32522141844
1.32529726103
1.29481458291
1.31641176268
1.3076627402
1.31807776541
1.30771009713
1.3003865622
1.30356084839
1.30389694631
1.31147321537
1.30088828802
1.31266947731
1.29168828338
1.30320000127
1.29935361058
1.29874403507
1.31185676917
1.29244387895
1.30872505739
1.33563803226
1.3182866624
1.31312116638
1.30958686903
1.32042110994
1.31753115535
1.28689206883
1.30597873971
1.31295943215
1.29456631735
1.28537673503
1.30229682386
1.27931052968
1.28948857293
1.29741568983
1.31639973193
1.30840848133
1.31279659361
1.29705110356
1.30046642125
1.30113393933
1.29706532523
1.28905391365
1.30647029787
1.29902076572
1.2866686438
1.30334037557
1.28975034535
1.28060925797
1.28552851856
1.30013486609
1.28953478262
1.3084573561
1.30622172579
1.30317881882
1.29282225043
1.290350402
1.28373584747
1.29841184229
1.28116736621
1.27662435561
1.28113584459
1.28830065995
1.28227531508
1.28196904555
1.29817210227
1.27130072042
1.29140613437
1.27982138008
1.28209392861
1.28860449582
1.28558719575
1.27474369928
1.26539561644
1.28675485626
1.26592029795
1.26138101906
1.26670923501
1.28068351001
1.27187450707
1.28535003364
1.2640036343
1.26244860828
1.29191665962
1.2788087368
1.27462360486
1.27906852812
1.26095122203
1.27978296414
1.27808722183
1.25905766606
1.26269346073
1.27321122989
1.25267254785
1.27589390412
1.28425086811
1.27282586575
1.26347023487
1.26346545428
1.26344722047
1.27008460164
1.25660050794
1.27333397567
1.26434231475
1.27335463807
1.26447924614
1.26577563256
1.26738741994
1.26072842017
1.26505739599
1.26101715639
1.26882253215
1.27506456226
1.26232107595
1.2463984029
1.25951456428
1.26146311745
1.26789991513
1.26455299959
1.25675787836
1.23963555664
1.25358523235
1.25576024607
1.26144609749
1.26735091686
1.25381493554
1.26595905557
1.25080778211
1.2636960429
1.25419736341
1.26024358988
1.25710710496
1.24971429929
1.25184101686
1.25704111353
1.24435968786
1.24291037992
1.25352510631
1.25729791075
1.24496052444
1.25339293852
1.24319111288
1.24076159611
1.25598528221
1.2635927625
1.22794941902
1.24721763581
1.25443184018
1.24034024447
1.25144697934
1.26047917098
1.24174409837
1.25084382251
1.24011769041
1.25130949333
1.2341666773
1.25003334686
1.25216840595
1.24277374223
1.24875504836
1.23113603979
1.23975128368
1.23958300576
1.23241924703
1.24696183309
1.227877464
1.2437834011
1.24832378209
1.22586611599
1.2269138284
1.23951503724
1.24017869547
1.2509174487
1.2359673439
1.23809002787
1.2378540054
1.24990136161
1.24952820852
1.23291331396
1.23802445605
1.23306417927
1.22629206866
1.2336345762
1.23597865015
1.23450214833
1.22886012211
1.2166807422
1.22703022704
1.23421956196
1.22304331914
1.22740332365
1.23123008817
1.21837477624
1.22606978506
1.24543459669
1.22832317427
1.23225318223
1.24473120436
1.24094923675
1.22814136699
1.22497390836
1.22452844515
1.21983483166
1.2353877379
1.23118045747
1.2221683006
1.22535416022
1.23033079818
1.23565399945
1.22430770278
1.22083708689
1.22393651858
1.2202607055
1.21535461023
1.22978267401
1.22878498226
1.22339267761
1.23198555276
1.22668706656
1.22021226525
1.22101127326
1.24268385679
1.22838324055
1.21799988121
1.215158775
1.23054140553
1.21976448059
1.22740498111
1.21824877769
1.21585099474
1.2040607582
1.2321185112
1.22404631436
1.21509953961
1.21958574906
1.21371598482
1.21032773986
1.21935472339
1.22257455721
1.22203096926
1.2148839426
1.23383349553
1.22501896977
1.21704867423
1.22404030249
1.21404728189
1.2184245424
1.21275514394
1.22029866964
1.20663570017
1.19833520532
1.20576420456
1.21107714266
1.22042776987
1.22060358614
1.21433089018
1.19122643203
1.20812299639
1.19010853529
1.20779403806
1.21061053097
1.20458465442
1.21462397829
1.20571155146
1.21324087739
1.20216404393
1.2104583323
1.22508223817
1.2077815865
1.21821832806
1.21476880237
1.20075087234
1.21552227333
1.18748494789
1.2086979869
1.21317710012
1.20645015493
1.18229238093
1.20025282159
1.20972950846
1.2162197797
1.2229756172
1.21660732687
1.19514216676
1.198311432
1.20878687754
1.20797780648
1.21926450938
1.21382772297
1.21696103603
1.18176837862
1.20271684229
1.19963540867
1.19523020521
1.17786642402
1.19711910322
1.20557445556
1.19576996356
1.20682044849
1.1937132746
1.20182182416
1.21013186947
1.19508502305
1.19626176372
1.21615520924
1.20309743449
1.18609297514
1.20699199617
1.19608904168
1.2025788039
1.20813343287
1.19423998639
1.20268401384
1.19213724539
1.19927176312
1.20574126169
1.21612977698
1.19297105059
1.18887420446
1.20676104888
1.18831518963
1.19576106817
1.20899485692
1.19779686928
1.17194476619
1.18673501894
1.18086781532
1.19771511376
1.19685170889
1.19254510432
1.18941147402
1.19804289892
1.20571510687
1.19991666242
1.1901395902
1.19226247266
1.20709835231
1.19168016762
1.19899126053
1.19989815339
1.18174177483
1.19008884981
1.18185006857
1.19183521658
1.18433247089
1.16670158952
1.19421358034
1.18699737564
1.18509085283
1.18812373847
1.18407016724
1.1802033776
1.18956619278
1.20150005102
1.20564942583
1.18353965834
1.17909379557
1.1873670347
1.18227052793
1.18917178631
1.17285000578
1.19431308895
1.17701613754
1.17230232239
1.19184936255
1.16943279132
1.18374350041
1.193049137
1.18583151445
1.181981498
1.19318184435
1.18571879238
1.18982016504
1.17238178134
1.19653461054
1.18251516506
1.18538260967
1.17816875517
1.16992848024
1.17642326176
1.18874061584
1.17358135253
1.18805849701
1.17729482576
1.17053745255
1.16617023841
1.1872490792
1.18325239062
1.18712936088
1.18147508487
1.19590936467
1.17135860085
1.16832919255
1.17207041979
1.18520338446
1.17106489629
1.17520693704
1.16792819202
1.18540830612
1.16973526493
1.19023521498
1.18175364316
1.17525170863
1.18316921175
1.17011177912
1.17339516178
1.15779587924
1.17023386076
1.16263780311
1.18167335659
1.17924674407
1.1749437502
1.16413880587
1.18256802604
1.17696150675
1.17387215927
1.17130128115
1.15962257713
1.17270231426
1.17617242679
1.17207915217
1.17096610188
1.1705582951
1.15308792397
1.14993373081
1.16818751097
1.17564616725
1.17572290257
1.14331698671
1.17215721235
1.17228345782
1.17290826365
1.15399242118
1.1637401095
1.16484028354
1.17155455485
1.16451497346
1.15472552687
1.16612210885
1.15360087633
1.17722465634
1.17343964458
1.16342445046
1.17169693649
1.16429602787
1.17003385112
1.1748102653
1.16772087798
1.16718544766
1.1708062382
1.17735375047
1.15545128107
1.15559505075
1.15123887882
1.15440085992
1.16670324802
1.15134615958
1.1674581176
1.1655433479
1.15458711222
1.15671226382
1.16832373604
1.16056240186
1.16093824074
1.14483295619
1.16042361602
1.14054024324
1.16314702436
1.14699296847
1.14433943048
1.15004251838
1.16789838731
1.16492114455
1.16515920281
1.14290336296
1.16578713775
1.16045742154
1.1485382463
1.17077934071
1.16902031109
1.17768924296
1.1732483013
1.16590990126
1.1545962213
1.15694080129
1.15436026871
1.16436407626
1.15687299192
1.14731844977
1.15441531315
1.15198741183
1.15583631948
1.16371735081
1.15514790803
1.16236755222
1.16199076727
1.14760515541
1.16703098878
1.15123775735
1.17169256642
1.14723741293
1.16294086531
1.15103154391
1.15822933748
1.15323071629
1.15202530026
1.14715411916
1.1357144852
1.14114685476
1.15688142478
1.15586791083
1.14584291354
1.14281992823
1.16306749612
1.15530271992
1.16496011958
1.15026087478
1.16097357988
1.14671927959
1.16003515437
1.14809310123
1.15239589125
1.15434647441
1.15054540843
1.14446103424
1.16249924451
1.14820498317
1.1286786066
1.1384710905
1.15699120507
1.14842853293
1.14201845318
1.14709882751
1.1639053224
1.13941825509
1.16071491435
1.16409928173
1.13676462457
1.14741289303
1.14472245395
1.16126568973
1.13676116601
1.15177685499
1.15373110846
1.16201583102
1.15969729021
1.13577061594
1.14007861167
1.14012279183
1.14262289375
1.1353567329
1.14553055108
1.16254542381
1.14512203887
1.13843001932
1.12923898101
1.16516246513
1.14481845409
1.14737892106
1.15969943613
1.15860249653
1.15014387786
1.13641831592
1.13638792738
1.14452298343
1.13538903221
1.16131129786
