1.97835462183
1.45051575929
1.42701917648
1.40600397378
1.39526467681
1.46593030125
1.41859733462
1.41521580994
1.40071005493
1.39864719391
1.3951438719
1.38000127554
1.38632505387
1.37345644593
1.38768795431
1.39004744917
1.38347599208
1.38443944097
1.39127619565
1.37708439469
1.38115029514
1.39238305956
1.39565573588
1.3794154337
1.3962866953
1.38046011537
1.39127948254
1.39528688818
1.37553926766
1.38575471699
1.38754207611
1.38573772892
1.39601561874
1.38422734618
1.37809594512
1.38190254241
1.38555336297
1.38648558855
1.39155970424
1.39680758059
1.37994375855
1.3804728362
1.38461460471
1.38120097324
1.37332361519
1.39262697071
1.37490780741
1.34730151132
1.29009182885
1.29054498121
1.27347116172
1.25666222855
1.24841044337
1.25038762212
1.23790605664
1.23129301324
1.22866716176
1.19449613467
1.22114747882
1.20210765958
1.19566038057
1.18175517291
1.17013071805
1.17018629968
1.15473447844
1.16019708619
1.14499145672
1.14499346241
1.13231402442
1.12812519372
1.11779369295
1.1130805099
1.1187251614
1.1083131136
1.08795785457
1.09590545014
1.07640242964
1.0821554184
1.07765875965
1.07874259472
1.0545466727
1.05860809192
1.04668242946
1.04406838819
1.03762672141
1.02825322315
1.02912715182
1.02698843673
1.01987105474
1.00580522999
1.00801829666
1.01421044484
0.991547198594
0.994873180389
0.99304838419
0.985392586142
0.987346295118
1.00939622298
0.984521038979
0.975448906422
0.975025863498
0.967487365156
0.962426620275
0.961322640926
0.969960694015
0.966390283704
0.957144827694
0.949366855174
0.951633729041
0.956708151698
0.945119190961
0.945312257111
0.946462793797
0.9494598791
0.929024369568
0.928237453997
0.927311569452
0.936784321815
0.915229536146
0.920146186352
0.914851749539
0.917487526983
0.915049232543
0.910610968769
0.916307234913
0.925890621692
0.914007144272
0.906328121871
0.906119352579
0.90174974978
0.898790705651
0.893164452314
0.89154106468
0.896259487867
0.897529969811
0.885128078908
0.89707950592
0.889248053432
0.879672430456
0.87777975142
0.876157569289
0.88897398524
0.882570805997
0.877263571322
0.872171846777
0.873991623074
0.871240071952
0.859519645125
0.875478961319
0.871096123606
0.879701214731
0.871626971215
0.85542836912
0.870442635119
0.850383919328
0.858031362891
0.85707205072
0.865541927218
0.867314275652
0.857638624907
0.855906519592
0.86425510034
0.858416678011
0.867512515634
0.85817325905
0.855573085994
0.84413546294
0.851828340217
0.851363342702
0.850487056673
0.851125209033
0.843055767268
0.8490891096
0.842444244921
0.858196694776
0.842292663902
0.839867640138
0.840490219295
0.845524852574
0.830492950529
0.839947896749
0.84277895093
0.838910490423
0.84323706612
0.847512872368
0.830598054528
0.829203614146
0.835889001191
0.834319965839
0.842084084898
0.844368594885
0.821437352151
0.817262456641
0.820525507629
0.820736510754
0.825190893263
0.816323498636
0.811907074451
0.824847456738
0.819880290627
0.816763179153
0.822790185511
0.814415651709
0.815945148617
0.810819278061
0.822626333684
0.818526734114
0.813539263606
0.805013289899
0.806817055345
0.805133919716
0.81428936854
0.809877618551
0.800224751681
0.804265817702
0.808341892436
0.81808595866
0.814935142696
0.811075978279
0.801260399967
0.804260167629
0.795957598686
0.809333096296
0.794359502792
0.799714427441
0.806563013121
0.802412652224
0.79540218398
0.791264127865
0.798588869199
0.802775564566
0.79526807256
0.791940660924
0.785192800313
0.791663241088
0.802484657615
0.791363806352
0.799628565013
0.802936312705
0.794145551994
0.792861577868
0.787603283674
0.786446825564
0.804226896688
0.78723571524
0.786738653779
0.801524183825
0.791089755967
0.798913506567
0.789138600454
0.795003162324
0.79686371617
0.785417866632
0.797205914706
0.778427394554
0.79836522691
0.792827951461
0.775711002573
0.775922994465
0.788860547319
0.787723513395
0.78330049485
0.791441100314
0.782481533587
0.788532620817
0.773626749068
0.789583105817
0.774222258627
0.774026222974
0.780450003743
0.772953669578
0.776766536087
0.776218253374
0.776230234355
0.785136848837
0.777774617672
0.778208395988
0.772225219309
0.770998272523
0.773798795715
0.777143600136
0.78482091397
0.778829595074
0.77389560312
0.764428023621
0.768747061193
0.760551381856
0.773442832604
0.777731691524
0.77430884257
0.769792424366
0.764998550117
0.767588062286
0.772624848634
0.773378978819
0.756754076481
0.769797322676
0.772619425729
0.76322027728
0.765456501916
0.764375157133
0.773763307184
0.767875443399
0.765833396614
0.762879456505
0.760900285617
0.766561063156
0.764666444808
0.763431377858
0.767569573298
0.758633847535
0.769517112896
0.756061102524
0.769966802523
0.764676957428
0.767266542912
0.764142842218
0.764901850149
0.765035995394
0.761199754179
0.764481735602
0.758114233464
0.753160726577
0.758919856474
0.768775911778
0.759001947343
0.764464195147
0.75047746107
0.766077780575
0.773588897958
0.751397475749
0.753641803414
0.757766203582
0.749141380712
0.770988707468
0.759830439165
0.755872356892
0.768388205543
0.750064270198
0.762436303794
0.759757206813
0.747932900861
0.761555116251
0.744950674102
0.752558174878
0.750324573964
0.750711353198
0.743629805148
0.752545695528
0.76122341238
0.748622185588
0.744539458528
0.751996715069
0.757648524716
0.749044307023
0.750850188658
0.74969379656
0.755893104374
0.740928491205
0.759254661649
0.743990023881
0.75975074932
0.749141108692
0.748033050522
0.748148097619
0.749929041341
0.745651740208
0.751563402712
0.745582770035
0.750713570192
0.750137935057
0.745972623602
0.749182373509
0.743711575791
0.751360019743
0.733785945401
0.73230988197
0.736843944266
0.746773810312
0.736097711101
0.740332603827
0.752694917098
0.746828369051
0.746885946542
0.740128615797
0.737667994574
0.733299672753
0.729932759702
0.747012257576
0.747763438225
0.737565302476
0.744131560773
0.743119351193
0.739726579115
0.751212339252
0.730697767884
0.752572215796
0.740967511907
0.735895591453
0.731422563866
0.751925199479
0.740103338584
0.741302193031
0.732654372528
0.742757704556
0.735084916949
0.725059278831
0.733396662846
0.736757162511
0.737183393314
0.730653631091
0.740335551798
0.73584303163
0.743147184849
0.732119199932
0.732958531827
0.73224663049
0.730623704046
0.736041654944
0.72711072661
0.733656740859
0.732143793106
0.735789665729
0.718492805809
0.739293094948
0.738623969108
0.725239203796
0.726563369557
0.732955785543
0.729077238813
0.72259836331
0.735797699168
0.729007019997
0.726408625245
0.733464325666
0.739677705169
0.738672506884
0.735212291479
0.731838066429
0.713607234359
0.730848360136
0.728193000779
0.727154779136
0.734779804572
0.72195596233
0.722442091778
0.733034776002
0.739942438826
0.745250650048
0.731536159739
0.735954569802
0.734414583743
0.722742564082
0.735477251038
0.729639666155
0.730716840923
0.735362299308
0.721280108392
0.73255832471
0.71685842298
0.739887727946
0.740226488709
0.72746950157
0.721666401923
0.724431205392
0.725690956637
0.727579565272
0.73532417573
0.727166238725
0.715840483159
0.73113030389
0.723098060563
0.727273487076
0.726732591391
0.718994901329
0.712642947435
0.71736669898
0.724518952221
0.716970638707
0.730975859687
0.720831158757
0.717794256583
0.727047708407
0.717358028516
0.724011870101
0.717833681703
0.724600062147
0.719533787295
0.713689190596
0.721566894278
0.717494450808
0.708258827478
0.714335997254
0.724739694297
0.725806800798
0.713700980693
0.725408680663
0.719742152914
0.708719325438
0.713764399141
0.721974998862
0.708631085232
0.720337233543
0.714665707946
0.719469518736
0.729818084687
0.718906200305
0.718298809081
0.715657350048
0.713033123761
0.718915897235
0.715212519318
0.712978733554
0.722730451077
0.726529517472
0.718927879408
0.723617595956
0.722592012733
0.711908399537
0.7139651943
0.716357534006
0.725823610425
0.713600486144
0.712385273725
0.720384386554
0.712922157645
0.705721816272
0.710327899903
0.716591253802
0.716397664919
0.720702981278
0.719709948897
0.71342835106
0.721339550987
0.710218888521
0.721191346645
0.717510978132
0.708656032011
0.719952412844
0.727454636842
0.703606572077
0.711243093833
0.727162609845
0.707514579594
0.72606366396
0.715261079296
0.718154624477
0.703365620375
0.714057971016
0.714003435448
0.709764753953
0.711948020831
0.703716832995
0.713550261632
0.714212782905
0.710124417543
0.71157224454
0.709520078301
0.709252748042
0.706647785529
0.699021280482
0.718503492326
0.711846352592
0.708125629798
0.716910940558
0.709762030542
0.705620460957
0.716156533733
0.701104302034
0.704712624401
0.703884235248
0.714301727638
0.704069199637
0.707045427039
0.71354627803
0.71467054911
0.71036023654
0.704343411028
0.706273442209
0.700649064183
0.720263233334
0.714172878265
0.701684252992
0.706270500124
0.704861429334
0.702114176974
0.699744013324
0.696940928921
0.712298377827
0.705970681757
0.709790868238
0.71033907935
0.706070748046
0.700845080689
0.696100526899
0.706759510636
0.698932029977
0.713768300787
0.688227598518
0.716410454214
0.701912494898
0.705998738259
0.695551416427
0.707201820612
0.704068507925
0.699485368133
0.707418863848
0.703608496934
0.708499431536
0.693296169117
0.701636442766
0.697362598255
0.703131450042
0.703128974959
0.697059155479
0.70726419352
0.699413964376
0.70479059726
0.70821762912
0.697408098653
0.708432779983
0.705784677342
0.691514267847
0.696558904275
0.687646083534
0.706525908634
0.703412859961
0.704092712477
0.696530947983
0.700574213862
0.701070615947
0.691927959919
0.69721212551
0.703903544173
0.699748330638
0.71243208155
0.708698610887
0.691809977815
0.69653277643
0.695315617025
0.708256694451
0.716095007658
0.705258152187
0.696018508598
0.690883081332
0.694804777876
0.698219321296
0.68950323604
0.682969114631
0.695824561641
0.700625248477
0.697997922376
0.681317331046
0.695100623518
0.698698546514
0.695353874117
0.690041959733
0.693387337252
0.705916239023
0.689484264627
0.694143336266
0.698699138761
0.691472401693
0.687571538165
0.692032726184
0.691687765643
0.694889973551
0.697601512298
0.689874169305
0.706655386165
0.689169234708
0.694127169475
0.686315934807
0.695628822073
0.689661260247
0.696467159614
0.691976846009
0.694526639283
0.701183532998
0.689099500254
0.689901703671
0.692107269913
0.700398479328
0.705147399083
0.680463424698
0.695761704817
0.703388246894
0.691978547052
0.698227546886
0.690530996323
0.691691121235
0.685013930723
0.688562668934
0.689160882309
0.686299543306
0.681202835292
0.687402254343
0.686650784761
0.693324398771
0.678221991733
0.687968245819
0.701575927958
0.698685259447
0.690493145883
0.691699035764
0.690439213365
0.699956825748
0.699786254391
0.688696602434
0.693022053987
0.687766519263
0.684807242528
0.693727627769
0.691539134383
0.698173755258
0.681681971401
0.685388026834
0.689145029709
0.683888283595
0.696701308861
0.688039461076
0.68565552108
0.690307884738
0.689400964305
0.690802223906
0.686404889598
0.682053423524
0.693212082162
0.689174721912
0.689093469754
0.688228658289
0.680766250566
0.684376506507
0.682321839631
0.692969328314
0.697583382502
0.680393345505
0.680551240966
0.683969863728
0.691133181453
0.698377227634
0.682977813408
0.688992689848
0.690492524579
0.684401235655
0.680549561903
0.688294527009
0.669971955642
0.694424993172
0.698167573512
0.684274175242
0.69824382782
0.683610255644
0.686678299159
0.685471534356
0.681509184465
0.683082152978
0.689123042226
0.691069441885
0.685392623991
0.682876297459
0.67814822644
0.689648357034
0.688428120688
0.690172004625
0.685376141295
0.681354742646
0.6779971008
0.686953202486
0.678938007429
0.677424653322
0.679211793244
0.67253919445
0.682953227758
0.691634874865
0.688721218929
0.679453736991
0.673834476843
0.678766587749
0.687963565215
0.679515887126
0.689814007282
0.691952904016
0.691726100594
0.671101865247
0.679087974206
0.692594753802
0.673466478959
0.672779657021
0.681802364439
0.681882542297
0.690612081215
0.67955859676
0.686012662724
0.683148193881
0.683053619936
0.689958368167
0.678981201425
0.677773425132
0.675738469288
0.689367591217
0.681578584686
0.683983591944
0.692183189988
0.688279630691
0.673652731106
0.673686679453
0.673921809942
0.67730402723
0.681644023061
0.668840202913
0.680615938529
0.678373347446
0.680892098173
0.677830954492
0.68739530623
0.680553672761
0.673357139677
0.680734774843
0.686106289029
0.688312135339
0.681284124181
0.679649928659
0.682146341726
0.689456719384
0.669403013885
0.683460426256
0.680705450103
0.677037846446
0.678944075406
0.671890462488
0.680596623495
0.686252351776
0.674636762589
0.676505866721
0.680254829302
0.674337280244
0.681381951123
0.680858338922
0.680721812546
0.687168198004
0.671242045611
0.67907074295
0.674526018724
0.683947158083
0.673164349645
0.677098942846
0.679231506288
0.684629676864
0.677281680405
0.685750425383
0.679551544785
0.669388798773
0.678901408315
0.685275584012
0.685757443309
0.677505655661
0.684025949091
0.674216898456
0.672137749568
0.672046175525
0.679865057915
0.669044294059
0.668537665978
0.675457121208
0.67755645901
0.675062932149
0.679761570692
0.665218286142
0.680353443027
0.662346659303
0.684666455835
0.677249112949
0.670458888933
0.681659730896
0.672486167327
0.671770317703
0.680007876009
0.684188178405
0.677832654864
0.687961721122
0.673706214055
0.687522968575
0.671803572178
0.672924455404
0.674796684459
0.684738762975
0.675071595982
0.673829355761
0.686372110993
0.665160644576
0.665150005966
0.679301721379
0.680543848947
0.674468980432
0.679301415309
0.674447053149
0.671040322334
0.66646513626
0.673458883539
0.67304302074
0.671092031375
0.672350464612
0.666340200379
0.678701615259
0.676171887293
0.67702147454
0.676547880396
0.683696744516
0.683599677011
0.678074614778
0.674422717541
0.67396203205
0.68238543421
0.68044754304
0.677087746263
0.666263941377
0.675769048706
0.677098487169
0.673988994062
0.662402304932
0.667285873443
0.668936431482
0.681932591423
0.669900900871
0.663531621695
0.669784029126
0.677246614769
0.675341193751
0.676623708308
0.677143860906
0.670443902239
0.672589442059
0.680148316994
0.667318150252
0.659181749895
0.68198589392
0.674845003709
0.667497613356
0.664987453967
0.670116055012
0.667061431706
0.667878324687
0.680323300883
0.671311863065
0.673870488554
0.668926177993
0.662011192665
0.678139016852
0.670364401117
0.664359002858
0.671665967777
0.668316997662
0.674119575769
0.672192637622
0.672525506839
0.687159458846
0.672898184061
0.670457611531
0.668277952522
0.669480568692
0.667357861325
0.674652246013
0.671072106063
0.683878562674
0.652739674896
0.671215184182
0.679779159725
0.670474479571
0.664001131654
0.665468208566
0.670065796524
0.669231534377
0.663832522258
0.670132280663
0.663360942826
0.675503393188
0.677686841935
0.673410278782
0.663043401986
0.672065590695
0.671730718389
0.668595711067
0.675115814582
0.667322923914
0.671171612218
0.673126475587
0.664058976471
0.667176223472
0.677347170413
0.673114063293
0.66540418826
0.676477052793
0.659464987367
0.655694380105
0.656307738274
0.661523776054
0.672680652663
0.675141713172
0.659991005436
