85.3306258249
77.6027172279
67.8923403335
71.8288577318
57.588321631
68.2487996817
79.8747146988
56.7197635245
63.5236710882
62.1159086633
70.8582579112
64.6846944904
44.6964863253
64.6774846244
64.2119664478
59.6058815265
84.982301569
57.5000339675
67.4035278273
80.6617033482
66.7794019938
64.7645270753
58.0841961026
57.5466945767
57.2589688611
64.1092600703
72.3181571627
56.8677191353
66.2189949465
56.8182719874
62.3372219014
71.0618589497
65.0708273149
66.7584771204
69.1608092546
54.3703252268
52.2553103733
52.7101656127
44.8331052113
61.2320734596
55.4331899524
52.1476474667
63.510432272
53.719829998
59.0787929487
52.0159793568
58.6375856113
72.9368351364
55.6596411014
66.3452634692
58.3392535567
57.4687174463
59.3660180855
53.6391785264
67.3327410674
66.4501882076
49.7564817715
45.0353962588
54.5901655746
46.7186864781
50.3784991574
61.0356515789
69.1492765474
56.3996858764
49.2710659504
58.9589062047
46.6002743959
72.9351042771
60.8900851679
46.5319463038
52.7610164261
59.8176105523
62.0008950472
56.492895081
44.8679746199
53.9332742047
41.0888268042
42.5492982054
38.9114622092
36.4208824635
39.0421941471
31.3008329391
27.4185442638
32.3992592502
27.760926125
30.3400555539
29.8401198196
30.0166893005
29.9435432935
29.3454005241
26.9308153296
29.1061050487
53.928898952
32.0216984677
29.694041605
31.1081367874
26.5628859735
25.8294194341
24.6657263231
25.9476778126
28.1779744411
26.0597120953
27.6003162551
25.6072769189
25.116037693
26.0037867188
26.3996756768
24.0516558182
25.7232214451
24.9465209866
24.8689874053
26.7180945277
24.6622679472
25.6325145721
22.9668392897
24.3066493988
23.8173575115
25.1691597533
23.9238442206
24.2120359349
25.2747458959
23.2658703637
23.0784544516
21.1950472617
23.0131412864
23.4707137084
21.2124130869
21.8864478064
21.9153565383
21.6219759345
20.846594429
20.3437883234
21.0008133531
19.5426311529
19.1300670385
20.7994503212
19.7036789012
19.6327690911
19.0360876584
19.1701065445
17.6894300771
19.3295121837
17.5338085079
18.2587703586
17.0828692222
16.3668958473
16.2462462223
16.9005657268
15.4628728151
15.5366601276
15.1090420568
15.1188410711
15.0100810695
14.7096284401
14.584595803
14.1810126507
14.5159055257
13.3353348541
15.3341003644
13.7423853743
13.7181119132
13.6643770289
14.2058803701
13.287220819
13.2215471709
13.8233137023
12.58737625
12.3760015965
13.116294632
12.9019283879
13.2551223469
12.6222386634
11.8154766273
11.5261822045
12.356959368
13.106536808
11.999727037
12.0476333153
11.884346236
12.0032064271
11.8540771151
13.861819787
11.5794940591
11.6814060986
11.4084508181
12.2509637737
11.5402100086
11.6578154659
11.2210633564
10.483268733
11.9809067142
10.3219124031
11.2432319152
11.0452967513
11.0711130285
10.7889089203
10.1597779334
11.1310837746
10.5824595022
9.41912387729
10.4026444876
10.3365186131
11.4951825368
10.269221164
9.69355094075
11.2135744178
10.1914240503
9.8820938468
9.83372336745
10.5439486015
10.4911561787
9.57243765235
9.87911566854
10.2521478009
9.44097400784
8.84771757007
9.24210725188
9.66829104662
11.5341808879
9.18000036597
8.90577492356
9.33148028255
9.61315234542
10.1783043349
9.73046637297
9.21358232856
8.75173654795
8.94409821987
9.38279226542
9.89881647825
9.48799575448
9.03213433862
9.97023945093
9.23725603819
9.04419137001
9.27860530138
10.2923784983
10.2820390785
8.65675196886
8.83969177842
8.48620081067
10.320132159
9.78890958548
8.69640436888
8.78752646089
9.29859024286
8.44920555592
10.6396854448
10.3499451172
10.2050106573
9.18897309661
9.32302371621
9.07194413543
8.56077025652
10.1870802212
8.9764148891
8.89517617226
8.24851071477
7.86583271623
8.72401201129
8.44300171971
7.7550716567
9.74516211152
8.29588364124
8.17332309723
8.99918021679
8.58331335902
7.96502853394
8.57541352034
8.00399382949
9.18730792761
8.13706523776
8.43142800093
8.28821712971
8.32918670177
7.93434668541
7.61279192567
8.14747347116
8.49479014158
9.17932368755
8.7852687192
8.48622485876
8.51985058188
8.3118552947
9.29717111468
9.5298650074
7.93626428843
9.68717993021
8.054172225
7.98047002077
7.92321023703
8.3812239635
8.25459630609
9.35389258146
7.92634918809
7.61690552235
9.06294693708
9.30796284318
7.84578013659
8.6871559
8.10464156032
7.68195730686
7.28891160965
7.85218171
8.94784156561
9.84039790392
7.84005456567
7.87655436277
7.76854044914
7.83667542756
7.48187911034
7.9771139431
10.5624243057
7.81903490901
8.29667085052
8.34858139515
7.6894820857
7.55598310709
7.62759534717
7.42565005958
8.19089726448
9.52938403606
8.16175105095
8.04157000184
7.20939156532
7.63218505144
7.31152511001
7.00382243514
7.85585972309
8.151626544
7.79273435354
7.6625186491
7.22439515591
7.75798625231
8.27579130888
7.18901637077
7.20980819821
7.54224329233
7.16503940105
7.43562832355
7.33925794482
7.94842941999
8.85414981008
8.17289615035
7.83601532578
8.50437001109
8.05115288973
8.03678658128
7.41068629801
7.94771740079
8.56868367434
7.27405968308
8.00151082516
7.65844139576
7.65989216924
7.60802016973
8.01048610806
7.03393205762
7.1426417315
8.15877565145
8.57889491916
7.16702374697
8.18168602586
8.11450191319
7.40020164251
7.90258553982
8.03845855653
8.81502168655
7.22572452664
7.95976897955
7.48413250685
7.91470131278
7.38991816163
7.60789071083
7.20834643602
8.02979476094
7.60168735862
7.81619208932
8.28097028732
6.94570944786
7.14798041999
7.16423268199
7.14814250767
6.91391336024
6.76661879897
7.44233432055
9.23623342156
8.29402243853
6.7958932209
7.59452374339
7.4501915884
7.75933796048
7.60758244753
7.36552852273
7.24477937937
7.84629560828
7.69910177946
8.4675295949
6.8224997592
6.96356113315
7.27022120357
6.78321380258
7.62984389842
7.64781102896
7.34742620289
7.10516322494
7.18317253113
7.99752941072
6.94549823999
7.9650379312
6.95340506077
6.59370974422
6.83348050952
7.17109915733
7.06489540815
8.88921433806
6.87962396264
8.47961309433
8.01662637115
6.95106707931
8.16337451339
6.83190788746
7.17713604569
7.28489527225
7.25340157211
6.96940227628
7.38379468322
7.02321648479
6.61712490082
7.43979120076
7.52676745713
6.8586749357
7.34535321414
7.68432995915
6.92353070259
6.64899554491
6.81957265675
7.70348821998
6.96994383335
7.52142821908
6.91474293411
6.57155728579
6.31110348523
7.17402162731
6.58501628399
7.10615896523
7.30944595456
7.49785425961
6.63744128346
7.52742316008
7.23616133213
6.51487783432
6.56488155484
7.53763930559
6.95554096103
7.38201472044
7.69165731788
6.77565866351
8.42841901898
7.96176969767
7.9173339659
6.47688797057
7.32281139493
6.92737677634
6.42969997048
6.9863662827
6.87490797997
7.06288489878
7.18113111496
8.04649274349
7.27358835042
7.92040670633
6.68542592406
7.14889246225
6.95229647219
7.86155067682
6.67482417822
6.92864593506
6.5596193099
7.50461211562
7.06094364882
7.62902181268
7.7469439131
6.93111204982
6.86758158147
6.93411742568
7.34248352826
8.06580140114
7.71183856845
6.25421504736
7.11912568867
7.13360096335
7.17670584559
6.4471740216
6.4432240963
6.52340008259
6.75202481627
7.5310902673
6.48801355541
6.70857415438
7.40507966936
7.09559838593
6.8899634999
6.75322182477
6.59697283208
6.65542325079
6.87835935593
7.54359846473
7.41059933782
6.58342222929
6.49126265466
6.81795886099
6.69593995273
6.28410044968
6.87307249188
7.05407815099
6.90051217258
6.4645427388
6.45413566351
7.1795996201
6.74396297455
8.09436631799
7.54277165771
7.54531515777
6.73888096929
6.34829969406
6.85023255825
6.84776422143
8.04244407296
6.46740977645
6.40380229771
7.54915941656
6.24413149416
6.82696258545
7.77475540817
7.43722470045
6.42332256258
7.0023963809
6.28887866795
6.94246176898
6.88734771013
8.75807715654
6.70578646839
7.14115280747
6.53623853087
6.67698491752
8.22134909749
6.20161752582
6.72611960828
6.9080246675
6.01942191899
7.66929076254
6.50901204646
6.48009271264
6.75247860551
6.74454759896
6.47744749248
6.76224655151
6.32268191993
6.63336482406
7.65525016367
6.77540050268
6.97694788754
7.64669040978
6.35017695427
7.27522038043
6.48327322721
6.65784090996
6.20351790428
7.13402743995
7.88217826903
6.41595606267
6.66993896663
6.99288107157
6.65054772854
6.96447389126
7.59035099983
7.58246731281
6.12094673693
7.17796357155
6.23603526354
6.06353989422
6.37316134632
6.55097477913
6.5734574312
6.29771576285
6.69627528131
6.50739522278
7.16875648141
6.8199650383
6.39667504311
6.33816666186
6.74140015125
7.18132584333
6.56472016633
6.57736633897
6.77112751663
6.33533545434
6.78577867508
6.54372554183
6.22568446875
6.99741353333
5.91157546401
6.40308686376
5.78213874936
6.12931170225
6.62974175811
8.13064599156
7.21499610543
6.90499659657
5.89038376272
6.8993870002
6.68583336234
6.37891964614
6.81005783319
6.59664926648
6.37547729254
6.17017340124
6.93517822981
6.464943344
6.57322465003
6.69170163214
6.39901577175
7.49368498564
6.1001170969
6.56379931033
6.03672413528
6.6109065491
6.14805606902
6.29830244005
6.2755748713
7.3224478513
5.92539650917
7.02032513142
6.43334100962
7.76925823987
7.26113680959
6.57434012711
6.65014990807
5.89646929443
6.05227496266
6.61560545087
7.02094756722
6.79494585216
6.21816194296
6.49233880639
6.79459693074
6.65735960543
6.38161753476
5.91078667164
6.12856295705
7.23204277575
6.57567873478
7.32340934336
6.21545920491
6.6252349633
7.90501640737
6.60223032415
6.85620069921
6.69384828269
6.21133542955
5.95043204665
6.65765667021
6.55619747758
6.36272444546
6.25292258918
6.74253598988
6.64205393195
7.3957043308
6.09067300916
6.60176086962
6.82693688929
6.82752243996
7.63920740962
7.45140165746
5.92514393985
5.91276723981
6.63573009551
6.50687100828
5.94242765069
6.21251491964
7.06767548084
6.0089074707
6.92869393528
6.91707127154
5.96769079208
7.11343662381
7.46493764937
6.74657256365
5.97019255042
7.26685223162
7.08415315807
5.89542823315
6.11589838803
6.23044440627
6.18475537837
6.51589010596
7.01238739491
6.48225251436
5.97253777146
6.41439202666
6.59970846176
6.38758566678
6.60538630664
6.70925506532
5.86060008764
6.48269824803
6.57887337863
6.13211374938
6.47759502172
6.34757243633
7.65488215566
6.30166242003
5.87971406341
5.84517356157
5.88071735024
6.31769909918
5.97561595559
6.72860699594
6.41675962329
6.49910176575
6.42913364589
6.32630514383
6.97498356998
6.49770788968
6.48850777805
6.94138050914
6.13690126419
6.28083885849
6.39343283117
5.93006842732
6.01342831075
6.45044125795
6.47469526291
5.60574610472
6.20762944221
6.36320498347
6.61978187025
6.42245135903
6.29069197416
6.49523321688
6.70087896168
7.28315060258
6.09201152742
6.08550800145
6.68434016109
6.2336210829
5.73626336038
6.64598376393
7.10247369468
5.67592827499
6.42062830746
6.42308344662
6.52743240476
6.41097411335
6.3500722456
6.53510949254
6.18308405876
6.14596354902
7.66044899881
6.48614994884
7.29737171412
7.35053623497
6.7210310781
6.19846706033
5.82847156346
6.61066010356
5.73017849803
7.37232798278
6.24476539135
6.19384067953
6.12948208034
6.23999495864
5.56443498433
7.832218346
6.20081630826
6.83154368877
6.28304462194
6.03096766472
6.31744880557
6.32982552469
6.1757661581
6.27314944386
6.73353604436
6.58258546591
6.18959344387
6.51272368073
6.45726721287
5.91014493465
6.54625441909
6.41224528372
6.39495408535
7.17413451433
6.53684391856
6.53811508
7.99856166363
6.422325418
6.18669997513
6.29309702873
6.45776180625
6.6192672354
6.79802060902
6.17891428173
5.91562223017
5.99824866056
7.22717474818
6.11078884959
6.45764937043
6.23755989909
7.76627574384
6.09124443948
6.36935998738
6.4055567801
6.44610465825
5.74207993209
6.38240582705
5.66710876048
5.62367351353
6.00936219275
6.50983105659
5.8267531532
6.40460128129
5.81175354898
6.12048328459
6.55505329788
6.39365228474
6.51203704178
6.6597732836
6.52093195021
5.52677247643
6.24711438179
6.70592517138
5.90803096354
7.33280427814
6.7204893887
5.89740604758
5.99915387392
6.05196770906
6.52004363596
6.48420344412
6.19469092071
5.61758858025
7.21479911149
5.67123704672
6.38665318966
6.04280295074
7.14296068966
6.3938712889
6.33903324842
6.23471434176
6.65455775321
7.10443267405
6.42083039463
5.69825122476
6.07213246822
5.73684337497
5.57070014834
5.98176805913
6.18341363966
6.28020368874
6.85863819718
5.69785751462
5.51727732599
6.2530340749
6.23288346708
6.28341709852
6.22878415823
6.30656956911
6.08382575691
5.74879051864
5.98565251708
5.81128879905
6.52011411309
5.98070282042
5.67307256043
7.10078626573
5.69197200716
5.62967669547
5.71127591193
6.30090523005
6.28167717993
6.1894995904
6.25319356203
6.59901724398
6.09678371727
7.58523435473
6.00377988577
5.92454903424
5.80709812999
6.122414729
6.56773886085
6.73587409616
7.4545890516
5.70425213397
7.97582022488
6.95223363757
6.33377718866
5.96722342908
5.80881044805
5.7553484875
6.15358788073
6.69601205111
6.39870592952
6.42499460876
5.85727735698
7.61226932943
5.82097108662
6.86838388383
5.76075473368
5.94780202329
6.62729718029
6.47443902373
5.95052948058
6.14344520628
6.11026094317
5.74951485991
6.53226920247
6.16625556171
5.95453043878
6.06166110396
7.02775193036
5.90008526981
5.87669722617
7.55005435824
5.65636420131
5.71864704192
6.3107612139
6.08294175625
6.64251993179
6.32786412776
6.06098699391
5.81268081725
5.40465425193
6.74509354234
5.45365039825
6.40597031951
6.07688122571
6.44899362922
6.35828412414
5.79955323398
7.54768918812
6.40026975632
6.01710217118
6.52585438073
5.95486924231
6.90283702195
5.84185890913
5.86728393674
5.87737965107
5.64833161294
6.00592252076
6.15073579848
5.62112863958
6.25168555439
7.0371629566
6.39843927324
5.84634791911
6.47678861499
5.57347777247
5.98724464476
6.45585272312
5.93403269589
5.76238341212
6.70891909659
6.76185712278
6.15874434531
6.14021640539
6.29325896025
5.88935435236
5.90840958893
5.64974573255
6.00469124496
6.88631635845
5.86535092175
5.85510413229
6.59842365205
6.32793475926
5.88234964907
5.84274305999
6.3103838259
5.89576700389
6.61064105451
6.40144987643
6.72306035042
6.00897398055
7.06236407518
5.71419323266
6.85653088927
6.10467972279
6.28325337648
5.8493981874
7.59910494745
6.900399248
5.57556686521
5.97781902969
6.07862847567
5.92504871309
6.10477294803
6.00587549448
5.97178891897
