1.77623569727
1.3320215562
1.31144560039
1.27817128628
1.26373818681
1.25804431573
1.23770700023
1.23512024805
1.22389798492
1.22235769421
1.20605833679
1.19733861759
1.18234773725
1.17428261653
1.17404941827
1.14387198165
1.14103019804
1.12742245167
1.13124704033
1.11678206593
1.12194732502
1.09085740626
1.08288075209
1.07029025763
1.05582477301
1.05485159993
1.04696954414
1.05598034844
1.0201547122
1.02927259609
1.0056603615
1.01888803124
0.994718797952
1.00117801666
0.980877132863
0.975838053972
0.969234772921
0.962174267024
0.962701522261
0.955776883811
0.94912590161
0.938245521039
0.928434725851
0.922891349345
0.922895519584
0.906238817126
0.920139079392
0.902452203333
0.905598034859
0.894081802666
0.892243163288
0.876057188362
0.882737149447
0.874926982075
0.868934357613
0.870606460422
0.862122474611
0.863213935196
0.863062044084
0.85714055866
0.850491207391
0.848637257516
0.849470000118
0.852399026752
0.846383518726
0.833337858468
0.827300362587
0.820399726182
0.821464824378
0.820859033614
0.817695905268
0.829740773141
0.815443651229
0.80592180118
0.81066414088
0.798793923333
0.810708489865
0.813892434388
0.801630997807
0.797391014546
0.79230801627
0.794624434859
0.783974412233
0.795216815025
0.787286523804
0.796167990565
0.789424745291
0.790500956029
0.781465660781
0.781823478341
0.777108850777
0.784611867666
0.776604071856
0.772409682497
0.775577637106
0.7781413652
0.77678994745
0.774554940164
0.777543051094
0.761256275922
0.769917461127
0.769599889219
0.76802176252
0.762139279097
0.762906971276
0.754400295615
0.758493427336
0.757234816402
0.762040684819
0.760151258409
0.754765534699
0.751441559419
0.752069406807
0.75471467346
0.758434004635
0.75078017123
0.740543571413
0.747440226302
0.740113101676
0.740956841856
0.73723453775
0.742685082555
0.736370683238
0.739040132463
0.745384994298
0.735319195017
0.737878502607
0.738356666639
0.731896524727
0.730986525491
0.738193273097
0.728767321259
0.727636658922
0.728212608695
0.732449064478
0.722894711718
0.737809493989
0.734886362776
0.726026631296
0.723618520871
0.723714705408
0.723674182519
0.726364371404
0.721869638637
0.717328353599
0.725258048475
0.725614381358
0.725904680565
0.714665937722
0.719577488974
0.717569426522
0.718959394172
0.720141331106
0.713836710006
0.709128741995
0.71279024601
0.71043053098
0.717266244367
0.716403505579
0.70433361277
0.716977079809
0.717969905287
0.71342625998
0.711299185157
0.712603886649
0.707114487737
0.701457470953
0.714083083421
0.705994338766
0.708317714259
0.71136759229
0.707702130303
0.704080970883
0.702247458249
0.70332813479
0.708168743178
0.698867443874
0.701403295919
0.702938733622
0.700976824835
0.704139315784
0.701543793529
0.699624801576
0.69182706818
0.699747907072
0.69399004437
0.696919004843
0.705401249304
0.700555085987
0.68537204951
0.69701126352
0.69487571016
0.692330217361
0.698255206198
0.693969839588
0.695258301571
0.697956383899
0.695698771402
0.694922998175
0.695353313014
0.691761033535
0.681906159893
0.685009791479
0.679262816533
0.69312404573
0.685631689951
0.684404871985
0.688405248001
0.688526446745
0.693210737631
0.676819992736
0.690202815905
0.687534323633
0.690690821484
0.69023120895
0.685346305147
0.686519485414
0.684572895765
0.678518110737
0.675071825236
0.681254308969
0.680341455862
0.679460622296
0.67833029449
0.679503019229
0.676259511411
0.685553088784
0.673751504347
0.683049912304
0.68199693799
0.68107779704
0.671677502617
0.680277490541
0.681322776899
0.675560929999
0.680882792771
0.679056975618
0.674251268432
0.676419574469
0.67749967508
0.667920335829
0.674788921848
0.682313434258
0.675582141876
0.6763884525
0.67390992783
0.675594077483
0.665998594314
0.674763729423
0.673395904079
0.676224771366
0.680658107474
0.659436978027
0.670683557317
0.669909729585
0.66924424462
0.662018760219
0.674643291086
0.670279337093
0.675004685596
0.671345852017
0.668416474685
0.668621925414
0.669943928346
0.674707023427
0.67076385498
0.672965561673
0.672111410126
0.665406895876
0.674429479986
0.666996827275
0.663665562272
0.663206242099
0.664510359466
0.657222937271
0.663442361876
0.659602177665
0.664204996154
0.661295521781
0.66572661221
0.657975050583
0.665700510964
0.668765690625
0.666920929179
0.666279800534
0.667607382163
0.667457764447
0.654796025828
0.654916202426
0.664270725921
0.657772543505
0.657114900872
0.653041182384
0.664559127241
0.658709378764
0.666014211029
0.662069502398
0.655740653798
0.65706596978
0.660298650563
0.656133478358
0.651861212701
0.655732442886
0.668660789728
0.658677210733
0.652848060057
0.657961849645
0.659219622016
0.659183188453
0.649745139852
0.64706047155
0.664117148221
0.654027295783
0.647882355005
0.655399893224
0.659255474582
0.650291131809
0.656234897673
0.66142780222
0.648177454546
0.651399657875
0.64878149569
0.658908484727
0.659170158356
0.65166643545
0.655207663476
0.660045989677
0.659166670144
0.651981229633
0.644958801866
0.65784542799
0.6522875043
0.651379042193
0.648390146643
0.648823285326
0.64410239011
0.652340563312
0.662719584554
0.655262620598
0.658319619894
0.64450004369
0.649668905511
0.647525038496
0.645207369253
0.661500910446
0.651977485791
0.653406630829
0.641154247448
0.646415622532
0.647767881453
0.641740773916
0.650894427225
0.641182998344
0.645925163999
0.651464242339
0.649297405332
0.646823027432
0.646533616781
0.647846990526
0.639606510922
0.646142541841
0.641898528785
0.644726879448
0.641521043777
0.646184819788
0.652272792086
0.650152281895
0.648122493178
0.645297941044
0.645473356545
0.643107211813
0.64257666707
0.651618878916
0.646672199368
0.645038489476
0.639501632228
0.649623969048
0.650427027717
0.648618938699
0.643412120491
0.642122883275
0.642784527391
0.634080115259
0.651967496052
0.647808861956
0.638717981428
0.641178285331
0.648860781118
0.647049910426
0.641713074073
0.64189084895
0.648448729441
0.638185045719
0.638912534639
0.641440135241
0.644838592485
0.638550107926
0.643485679999
0.644142067805
0.635562410951
0.640827165619
0.634913624451
0.639430925697
0.638462898359
0.642556236759
0.637800982818
0.642632542774
0.6432319206
0.635718692988
0.636748403311
0.644090033397
0.650644851327
0.640842960626
0.636029656529
0.629015673548
0.638000264764
0.633898302391
0.637348671108
0.629013639018
0.639417586848
0.653713023216
0.642183878496
0.63335858494
0.630767697617
0.638213910609
0.63756798856
0.635044164881
0.641016246453
0.628761359975
0.644481883347
0.642361002192
0.638202149123
0.635907563567
0.637592002153
0.635188306794
0.632222958431
0.637181039974
0.628424936309
0.638117777333
0.635739498511
0.63174458243
0.630089089796
0.63760133028
0.63114140287
0.633181717172
0.631349440143
0.641139614284
0.634644174054
0.627317547053
0.628349623457
0.636573416293
0.62784470804
0.632269265875
0.633138268217
0.641980591342
0.633475562111
0.628138651997
0.632153868154
0.64184016332
0.640330559686
0.630515298918
0.642054964006
0.631780212745
0.634217403829
0.629874142557
0.63224987641
0.624374548346
0.628575153798
0.632384708226
0.630419710353
0.636252836287
0.626499510109
0.627368460074
0.628551963866
0.630519753098
0.631667293087
0.632476513162
0.635362449139
0.623518461064
0.633409275785
0.62273974061
0.634691110179
0.627789540961
0.633547800183
0.636234655082
0.631439528763
0.638712869138
0.632331715822
0.633800948709
0.628919494078
0.62730506219
0.634075860605
0.625267030969
0.635646233261
0.634765080288
0.626523181647
0.630619092509
0.624748770595
0.626996744573
0.633951024711
0.620889870897
0.629225223809
0.633092435896
0.623405215964
0.628084817454
0.622685620114
0.620387431234
0.62801921539
0.625179097578
0.630925366431
0.626491415352
0.630997808799
0.629851605445
0.627045858353
0.62051319398
0.62836866051
0.632209875956
0.631824915782
0.617431249246
0.635836598128
0.630416968465
0.613429611251
0.618112893924
0.627589083165
0.622527560294
0.636186543554
0.623992790282
0.628127644807
0.630706688166
0.633019042984
0.61628937766
0.628298049942
0.617580708563
0.634468921721
0.627175256461
0.62315485552
0.625056645796
0.625087357834
0.628171600029
0.626988061592
0.619995579794
0.622669796422
0.625015656948
0.630172734484
0.610994102135
0.620859984607
0.622104842961
0.624892693162
0.627628071606
0.620104842037
0.631428309977
0.620267360881
0.619909233451
0.621597862393
0.630247089937
0.620599153563
0.620725239664
0.616862034351
0.61486812368
0.622936170846
0.61925911203
0.620151794106
0.620763417408
0.610762183145
0.617924224809
0.621547960639
0.618513492867
0.622184895501
0.617809007019
0.617070413157
0.618919356838
0.61893439211
0.619803430736
0.616244521663
0.619054316208
0.610768239573
0.63303065531
0.622316025048
0.620586893484
0.621925239488
0.613359190151
0.61477749452
0.622062483951
0.615848688334
0.622419991493
0.627417544499
0.620970966667
0.624000085071
0.619101960659
0.614007400274
0.614741267711
0.613380172998
0.6199116835
0.613635327816
0.619347899854
0.610804785565
0.621449310631
0.610327988565
0.614209552556
0.614938676357
0.619977977648
0.626059345379
0.611274612173
0.611971757263
0.615587504357
0.613064586893
0.610653605759
0.616158161908
0.627427084818
0.613487152979
0.618331163228
0.610821318254
0.611036024541
0.613388838619
0.614968379289
0.613690961972
0.614322396368
0.620294931382
0.613018540069
0.61595526956
0.610529934987
0.61114576377
0.615528894886
0.611292964444
0.607387189716
0.61525783278
0.614729114249
0.611291509941
0.614087564424
0.608261363506
0.609048082456
0.615102445036
0.614490521699
0.615972958207
0.610051296353
0.619682106972
0.609711776897
0.610501798019
0.621478433609
0.611043282598
0.609111366197
0.619378033504
0.612980881855
0.6118002031
0.610832969844
0.612332767844
0.617092726827
0.610588642806
0.609287308007
0.608064761758
0.612806683183
0.621930862665
0.610127949044
0.618846891522
0.612178147659
0.615954162851
0.614802627936
0.617918226868
0.614155403972
0.614561760649
0.610481975898
0.612322550118
0.607640614882
0.610912031159
0.61003014639
0.614170486927
0.615920855626
0.611338931993
0.608577140272
0.611563511267
0.610505824238
0.617762899771
0.601431853622
0.605057148337
0.619522845969
0.606398176923
0.604674497247
0.600399406776
0.615861332119
0.612923826352
0.608608211279
0.611817293391
0.621549457163
0.608761476129
0.611713956073
0.603782403469
0.607986943126
0.611122460887
0.613872111291
0.617656446174
0.604827743769
0.604954180345
0.606865598559
0.613189642876
0.615817418322
0.610997775197
0.60306592837
0.609657852352
0.611820667535
0.609005078077
0.609300458804
0.599992609471
0.611937878355
0.602843521908
0.612214732617
0.613459844142
0.606142280921
0.606996639967
0.615381137356
0.611908815131
0.608595526516
0.615438272133
0.613341446444
0.60758632645
0.614475564584
0.607408325225
0.605013851449
0.601896909028
0.612044325843
0.606481103152
0.615738159269
0.612671307772
0.597016412988
0.613139012009
0.609707119539
0.600188779309
0.609736373574
0.616529414281
0.60164608404
0.60291248776
0.609309333563
0.603453950137
0.604532843158
0.613846837133
0.604457627609
0.610200793445
0.610596265197
0.600900169387
0.607054920495
0.597972186208
0.612780570015
0.599367896244
0.609952547625
0.602643691897
0.603700845167
0.61120009765
0.602160872519
0.612496951893
0.602126779184
0.606954090074
0.60854894042
0.607201030999
0.609930948541
0.608003586307
0.610277550668
0.602808428556
0.603872510269
0.603580931872
0.605063462108
0.601250190884
0.597749282718
0.603396156132
0.607945116609
0.601766850352
0.605299775973
0.611458775923
0.610714297965
0.609118292555
0.60190535523
0.601436862275
0.597911712304
0.606156451032
0.606807123348
0.603176582605
0.599457991868
0.60330839105
0.605370677933
0.600787270218
0.599388536215
0.601131673455
0.605319337472
0.603033050001
0.60971018292
0.603956789523
0.605437401161
0.619202873632
0.611210089251
0.599431831986
0.609073421359
0.600999645367
0.607058972418
0.604567979276
0.609301957712
0.612148187831
0.597291045412
0.602088140696
0.605586137623
0.600713803321
0.597803887129
0.605257857367
0.609312345088
0.599971094131
0.603504799455
0.600745625496
0.599859842211
0.604473033249
0.603264318183
0.600560397059
0.610434990451
0.601678266004
0.597942871824
0.60188625522
0.60631608218
0.598517211452
0.605606066734
0.606461777389
0.600503565297
0.608411336169
0.604140867367
0.603536947593
0.598914944306
0.602314245701
0.594123289287
0.590044528842
0.608793908283
0.600160981193
0.605511257276
0.604646053612
0.600457227677
0.594303156063
0.60309717603
0.605220884681
0.59234457843
0.597821421996
0.603356528133
0.591472658962
0.596863767207
0.593639299423
0.595185561478
0.600153250247
0.599444534332
0.599980056807
0.598334283382
0.603169428036
0.597456847429
0.600006078929
0.592727926448
0.596818856895
0.600363778695
0.604112462625
0.603000379279
0.59759366326
0.593542827368
0.600929478779
0.600556746945
0.607729246467
0.602352609634
0.590225016624
0.598606262282
0.59701624319
0.59828748785
0.590592489317
0.598348182067
0.598517894819
0.593298972622
0.598862430677
0.600581319109
0.599821833745
0.596145848557
0.605333031267
0.597734955177
0.599304039255
0.598487327993
0.607922196537
0.597388296947
0.605975686461
0.589346884638
0.603870536238
0.606159385964
0.60464160338
0.596523703188
0.597319868729
0.595384820774
0.594997068197
0.595938391387
0.607018543854
0.593795198575
0.594420204908
0.590878098607
0.590155135766
0.599680235982
0.591221234649
0.590994422585
0.595090754405
0.593821266741
0.596534796283
0.593255685493
0.59668235682
0.598661983907
0.595160010159
0.596774654314
0.602587701678
0.591353095323
0.591895754859
0.596700605378
0.595619203746
0.601937452927
0.598222477585
0.591571289822
0.600096288919
0.597787494883
0.595261108205
0.604830121696
0.593729920983
0.591308312193
0.586217444241
0.60180477038
0.59484016858
0.594039607793
0.598592644632
0.593920072019
0.590429373682
0.598191086724
0.595355094373
0.598663705513
0.5982831534
0.600159741417
0.593781795502
0.595424605981
0.596028363183
0.592364841551
0.590622259527
0.584032349512
0.600332376137
0.59431316644
0.593212706819
0.591781760678
0.594052664414
0.596603330448
0.596302362084
0.595886044502
0.591813240796
0.597064501271
0.601350897476
0.598856850043
0.589430089965
0.595605751425
0.601881190762
0.605764945596
0.585960568786
0.597304750383
0.596609586403
0.599666523114
0.596106104627
0.592420498207
0.590795081332
0.591393540204
0.595770682096
0.604184442684
0.590897756964
0.586754335091
0.591562118083
0.591670829058
0.59135265559
0.600705060884
0.598933506086
0.587775286213
0.585652353242
0.590459282547
0.585956046432
0.59790417172
0.594927155599
0.593074963689
0.59888993524
0.592206371799
0.596243149713
0.601579815075
0.595635203049
0.59618351683
0.595392487496
0.595498790443
0.585058785975
0.597420616597
0.594447075799
0.59103141807
0.592606712282
0.590759145096
0.596021822244
0.598962732479
0.593323316276
0.593714985847
0.595971759483
0.593890992627
0.593231773004
0.591888688728
0.585243040919
0.590636209175
0.582913196832
0.592622513473
0.587374723628
