116.546641951
73.7304814196
67.695067656
56.5671454477
50.1872652173
34.7420667958
39.7249972343
30.8518904638
31.7565556931
30.2828546786
30.0565682316
29.4903652811
32.2700783396
30.4643309617
27.9547099662
26.5925010252
28.6199338436
27.1604604769
27.1237047768
28.1407384539
24.8587430549
26.8668662667
26.0606077218
24.1770313406
23.7698884654
24.3147930145
24.9068723512
26.9812960815
26.8540240383
22.9788340569
23.491260314
24.4217817473
23.6065280819
21.6913008022
22.3680168772
21.7789897919
21.6162896347
21.6676342249
19.2772745299
18.2552782869
17.6182555771
16.8391839266
16.1266911221
17.1187775302
15.5048085058
14.7789719224
14.487729187
15.0350840724
13.9878033292
14.1172184491
14.0779614317
15.2096275628
13.8295070219
12.890497818
12.539422729
12.8256768215
12.8595495021
12.3585371137
11.850906229
11.8247374249
11.9767540193
12.3192564213
11.7482445467
11.3916776776
11.4231001008
11.7138660526
11.1357490814
11.2352019954
10.8780103338
10.3931764078
10.6852374876
10.7711201978
10.5032862937
10.4314425075
10.514660908
10.3998814416
10.4042889512
10.0775701642
10.0863346982
9.80033328891
9.95144098878
9.64138601303
9.62364793897
9.35195444703
9.20184341669
9.51793078184
9.71763312221
8.9740182364
9.45305806518
9.52942859054
8.66679776192
8.870392313
8.88059991121
10.0421123314
9.08919294477
8.91475864768
8.56161883593
8.27154075742
8.83752243996
8.38211576104
8.3052003181
8.02515236855
8.23949534416
8.31233866215
8.73192726612
8.47470774055
8.1064564538
8.09253928781
8.24773858309
8.21173008442
7.83830591202
7.91992281437
8.43560950756
7.92449159861
7.68941290736
7.90617154598
7.41673465252
7.78907736897
7.59401939392
7.30314168215
7.48138393044
7.48069798589
7.55496579409
7.86130258441
7.37716900945
7.34858056188
7.25430391431
7.0772454226
7.34167497993
7.35942752361
7.11641019702
7.26329648614
7.08880438566
7.11497341633
7.27299201727
7.01977569461
7.1787172699
7.2093589747
7.12184026003
7.0859594059
6.87200853467
6.74273104429
7.48545282006
6.70773844242
7.12416616797
6.79891075015
6.62023223042
6.92646300673
6.71403770328
6.65724461079
6.67092541337
6.73835591435
6.82421064973
6.61439770103
6.7137107718
6.56433982849
6.56276167274
6.62222602248
6.53643932343
6.59985402405
6.57825995326
6.43348140836
6.83342175841
6.47223215461
6.30363147855
6.44753293753
6.247943784
6.64436609447
6.68427357316
6.53714658737
6.28630196214
6.15260095358
7.65719856203
6.37459611893
6.38531001449
6.15978764296
6.14779034019
6.17816044092
6.30967163384
6.39040459633
6.53737247825
6.15779532433
6.03112835526
6.1020478642
6.24314145446
6.56378905535
5.99169116199
6.06411295354
6.04537204146
6.67918728352
6.40935480118
6.20741032958
5.89802356958
5.99985529661
6.14214032888
6.26426559865
6.1725799638
6.03909698486
5.97899181604
5.85076333404
5.81369639814
6.11927886426
5.88245527446
6.06923928499
5.85443308055
6.03144272804
5.83441538751
6.13143524289
5.97682863653
5.83280890226
6.11490517139
5.86747394502
5.63159368038
5.91782685637
5.96040379226
5.80251714826
5.73317532539
5.78262848139
5.67334337354
5.69258005321
5.65832053006
5.74300333619
5.65919623673
5.60109432459
5.60813914239
6.25652062416
5.71357175648
5.76372461915
5.99211305201
5.50452289224
5.93735481501
5.70525944412
5.70820147693
5.67495352745
5.81321222961
5.59509158194
5.37487558663
5.71777930081
5.66072939813
5.52871239543
5.74852486551
5.48877940536
5.76595502138
5.80863422871
5.47539471805
5.58351981878
5.4177776444
5.5884562999
5.83144544959
5.49500900924
5.51471239805
5.47026384771
5.50224796891
5.43894638002
5.57414251804
6.06147366703
5.42466959536
5.58469482601
5.74219404161
5.47641617894
5.33170519114
5.34805074811
5.41815411091
5.60217376351
5.31361363053
5.29802928507
5.43921858251
5.54236050367
5.56635070026
5.40492985666
5.43396234214
5.2495532757
5.82387707055
5.36146085918
5.42619642079
5.41129870772
5.45731933355
5.4325992161
5.28010261476
5.42411144495
5.39700245678
5.20404610515
5.47919148684
5.45600899756
5.41753913045
5.25856331587
5.44021249056
5.52882899582
5.29244043708
5.4116910851
5.43232159078
5.39899380088
5.38921673596
5.36735525727
5.18692395806
5.12101050317
5.23163180828
5.16373597205
5.19332716584
5.53023345113
5.27119388402
5.18292521477
5.39666698098
5.32344118655
5.18217226923
5.12302134812
5.42775462985
5.59835813165
5.36797996819
5.32674971879
5.36761547089
5.42622854233
5.18816134095
5.25405042052
5.11780416608
5.16262058139
5.22126842022
5.1281050998
5.54424418032
5.1914427495
5.1357591635
5.11307455063
5.27160473466
5.24440397859
5.15161410093
5.18857290447
5.1710941118
5.40325894713
5.17946856439
5.08924405992
5.05125715137
5.36852649987
5.49946627796
5.15939023256
5.21109350681
5.26893318415
5.15031800628
4.9877707237
5.03180931568
5.25802309692
5.48776006162
5.31609088957
5.10098235607
5.33395625949
5.02624177754
5.01280324399
5.15338318229
5.42043379486
5.22404938042
5.0299516356
5.13348630846
5.14176369011
5.00402875125
4.93375930846
5.13881319582
4.92866707265
5.0730632931
5.18650362313
5.24700880587
4.92847154677
5.04559320211
5.10706852257
4.99608303189
5.28560317516
5.09507877827
4.89989084423
4.94603005946
5.08660371125
5.19520984471
5.15810225904
5.01964335382
5.05032930255
5.04576401949
5.0660579133
4.91084508002
4.94152675033
4.88162223577
4.95174910843
5.39306805074
5.00993350446
4.91392744243
5.02351074994
5.17451883316
5.23190434933
4.877409361
5.01950692475
4.88590928435
4.88680644751
4.89570879102
5.12759862244
4.83255482137
4.76813942015
4.89456385672
4.95240491092
5.04635032713
4.864189201
4.96851481974
4.92971432626
4.8020168978
4.88308948219
4.82653439403
4.92623737991
4.93781191707
5.16727645457
4.79128653169
4.73703273535
4.92754035652
4.85020938694
5.07626544714
4.81272687674
4.97140316248
4.92577720881
4.95954696417
5.06627774775
5.15326931119
4.91356300294
4.8124115926
4.87752192676
4.80867696345
4.84911345899
4.88554277658
4.87891498804
4.88803682029
4.92545184135
4.95972162187
4.72037065327
4.89869870603
4.9738846302
4.73704464316
4.80582281291
4.90716159463
4.88651471674
4.88925929427
4.8506183219
4.75354497373
4.78645824134
5.04613687098
4.69854316533
4.89556200981
5.07872344911
4.93250910044
4.99000127196
4.7757414782
4.77429775953
4.87210776806
4.91362839222
4.79769268572
4.7490090251
4.66326381803
4.87572953403
4.98761398077
4.85296351552
4.92153948009
4.89598805785
4.90623051524
4.75226659775
4.72727614105
4.87832448781
4.67765345275
4.59433593988
4.66133043826
4.70397516131
4.73937565029
4.80947707713
4.76048096776
5.00025303125
4.97416537404
4.84538386583
4.7266756773
4.75900124609
4.69590126216
4.67169138849
5.06774003148
4.79018008471
4.74681809962
4.62482944608
4.58295170844
4.65405343354
4.83390357077
4.8790137279
4.63514033377
4.77003527641
4.86719101012
4.68928727329
4.69470557809
4.68163568735
4.61498689055
4.91331745088
4.74497101605
4.56122574031
4.80363184452
4.7280002594
4.68511684537
4.62597112358
4.76020081818
4.81198372662
4.75275764883
4.76691238165
4.72004647076
4.93362884462
4.71018372297
4.61990085542
4.7365697664
4.69035447121
4.72809199631
4.6323004961
4.61755189776
5.02875261843
4.72716136575
4.80200988472
4.62624005675
4.61778006196
4.5692588383
4.68110563517
4.75548838973
4.68568476021
4.66719791412
4.61205305696
4.75026289463
4.68411562383
4.56944413006
4.81710395217
4.64877157748
4.81290808976
4.78378104687
4.81236059308
4.56641574442
4.52874450147
4.65504923582
4.66727750838
4.60295999289
4.65726819098
4.58855320215
4.52123015225
4.54596274078
4.62244483709
5.12623176575
4.68789758384
4.59954486609
4.59246809423
4.55003765821
4.91383733153
4.60793943822
4.92726674676
4.56667268336
4.52546989322
4.67161999166
4.60827349901
4.58679197907
4.68449038804
4.50971831024
4.62229293227
4.49468541801
4.56317774296
4.63697587609
4.54548900008
4.60988612175
4.62680414081
4.58615429163
4.57924861193
4.71701648116
4.62674749434
4.53080650687
4.604266994
4.68016827762
4.67064549208
4.62333598912
4.56666237116
4.65202340424
4.52313866913
4.60356178939
4.90064974308
4.74747183025
4.50326457143
4.48815884829
4.43618222833
4.66249184191
4.51087850451
4.57442152917
4.49834662855
4.47241707981
4.3898937422
5.58532448471
4.59676515579
4.60651643693
4.50268906653
4.52322539628
4.37075638831
4.5270743829
4.36105704665
4.53035313547
4.53011425495
4.48412496269
4.5957930392
4.5778755188
4.47060198784
4.4746516943
4.54557092071
4.50360951364
4.71890974998
4.65803544462
4.52717292309
4.6621005553
4.51671470761
4.43315867245
4.59401658237
4.61939232588
4.54160040975
4.54292563617
4.81659100294
4.67710426927
4.50275300443
4.51530811489
4.62673545897
4.55282011271
4.5785373795
4.57145687997
4.50813327372
4.53394246519
4.62264484286
4.53258694887
4.57828350663
4.68426292181
4.40762143314
4.47677038968
4.48931885123
4.57829053044
4.38477575302
4.35846526444
4.43272159636
4.60047774017
4.53194044828
4.44509491384
4.56887336075
4.43367942095
4.7125260669
4.45951175928
4.54767222583
4.55088266313
4.53176008105
4.69924572468
4.58874865472
4.42815577924
4.4897538352
4.52166871846
4.47056696236
4.53645749688
4.41380889893
4.57791762829
4.49276862741
4.49377767503
4.42195358634
4.53656373501
4.39344182014
4.53605463088
4.4806884867
4.39673130453
4.38095073283
4.52764083326
4.43317892849
4.42678367972
4.62451522112
4.64393249214
4.42483843744
4.52865188599
4.46429499507
4.54506990969
4.39983717978
4.58001170576
4.45038375616
4.35337099612
4.72897281229
4.45397045314
4.47783254325
4.58588875175
4.607373299
4.48925319016
4.60863219738
4.4820718962
4.41580699146
4.40475853086
4.48624533236
4.47575235128
4.50750622988
4.51427212179
4.40360485792
4.37151827455
4.47994445741
4.44810704112
4.48893678188
4.44104143381
4.3624621731
4.49080714166
4.63237911224
4.43960071981
4.33769813597
4.36772909641
4.4078770864
4.34377816916
4.38006115854
4.3336967808
4.35497555971
4.48336458385
4.28126803517
4.78281654596
4.45122083366
4.42023474157
4.32339210153
4.29752002358
4.43290597558
4.38625274003
4.42134455562
4.43969410777
4.49782843113
4.4538043052
4.60710211635
4.48123028934
4.52277272046
4.3532173878
4.37869017243
4.39766726673
4.43937844098
4.3873337847
4.73044454396
4.32017810583
4.25537152886
4.438001315
4.45764090598
4.21257610142
4.3761697036
4.47302173257
4.46227214992
4.40743474483
4.54617423892
4.24604212821
4.47690544844
4.49364615023
4.3291530019
4.23066067219
4.32627873302
4.21419276536
4.52550399721
4.35359214306
4.33440404177
4.38399976194
4.35301032722
4.2990948844
4.41126447499
4.27988820314
4.36278427124
4.41826590478
4.33969080448
4.25196608961
4.26840797305
4.36735872507
4.35502376616
4.2937010026
4.17279560089
4.44164834738
4.34907233715
4.341625126
4.50611274779
4.43372730374
4.54828449845
4.40449845672
4.29328913271
4.30721019149
4.22623292506
4.40775867105
4.46209381938
4.25894672036
4.2832749635
4.40810179532
4.23403431416
4.32599837482
4.33267789304
4.35129250169
4.26357070208
4.2756957531
4.53837431133
4.37175183177
4.48122842908
4.43887083888
4.29970053554
4.33536279202
4.19147827864
4.40429700255
4.34788072526
4.33467389405
4.25343771458
4.26132687151
4.27634593546
4.25811431706
4.24697817087
4.29880934477
4.52347597897
4.3527122736
4.47453527272
4.32513638079
4.31273649216
4.2542080164
4.34477295816
4.43578113794
4.37145223022
4.41175028622
4.33873005748
4.27735467911
4.54845806003
4.46996934295
4.26794848382
4.32192541063
4.27883846462
4.34367099822
4.32874082923
4.39277997673
4.28853300095
4.24231868267
4.26299866557
4.25664114118
4.1638348335
4.24369090915
4.15418538272
4.43026091754
4.45022042215
4.27153340936
4.31536430478
4.25719818175
4.3250240463
4.29456872523
4.18960211635
4.25066979587
4.26899111509
4.26711266696
4.32528210938
4.15915395617
4.42019078314
4.30246649921
4.37841596663
4.28678145647
4.31068395495
4.1800147891
4.23668471575
4.24061014414
4.45923765898
4.13427304685
4.21441436231
4.20762795448
4.76613464355
4.32416955948
4.33437187731
4.27009697378
4.25943839967
4.12083690286
4.31454585433
4.16427308321
4.35430699646
4.45669819474
4.19894215822
4.38702324688
4.38165332794
4.25882864892
4.26883064151
4.42955334485
4.4388645643
4.3473150593
4.21541608989
4.25184292257
4.25027695358
4.20675336659
4.27666332245
4.35301557481
4.1645288837
4.28951532125
4.24773055017
4.27898040056
4.24074773848
4.20080381334
4.26414826572
4.20497632861
4.35861129761
4.26423098803
4.41079157472
4.35775262296
4.14093444407
4.20393800497
4.32780023515
4.25935099483
4.36270650685
4.15384145021
4.4937466383
4.30818419576
4.36156061769
4.20525562406
4.20460772932
4.20051096439
4.08513265967
4.31230271578
4.17614870548
4.17293865442
4.30970832527
4.21185971916
4.27476508617
4.19409312546
4.29481894076
4.24777402163
4.15465618789
4.32561756551
4.18566711605
4.12681978464
4.22194225848
4.26562068641
4.18333197773
4.57786181152
4.24127536654
4.17740098238
4.21947746038
4.29062851429
4.12325479925
4.27768504679
4.32898410618
4.19927729368
4.19784180403
4.29745467603
4.16314882815
4.16244100451
4.23717260838
4.18786332309
4.31501168847
4.11113615215
4.28883306384
4.16106199026
4.17061944425
4.04737937748
4.17142826736
4.19554573596
4.39092610836
4.19837050915
4.35284634054
4.14017819285
4.29615893424
4.2340347445
4.18360592902
4.11461366534
4.18058512092
4.15251796901
4.20697251141
4.09093164802
4.15920422971
4.29012358665
4.20084989667
4.16002487183
4.4270790112
4.14950208068
4.10727931261
4.21759366095
4.10902380109
4.1350258702
4.1205378145
4.20457310736
4.29284984171
4.20846096933
4.31697254598
4.25282430828
4.13998749137
4.1707083118
4.21160291314
4.17079278827
4.15959477365
4.2279295975
4.23341018975
4.15534146488
4.20396160722
4.21867508471
4.43498451948
4.14397991776
4.23202326715
4.18166623473
4.1062431407
4.28956747591
4.15913645744
4.15721247911
4.13958290339
4.05392164052
4.25479730129
4.43217530072
4.16359902263
4.08979278982
4.26187691569
4.16546310544
4.21192092538
4.20014548481
4.12626664519
4.20853438139
4.2079347831
4.21868098855
4.16292367816
4.0201893729
4.32982902527
4.11902509391
4.20066571832
