0.730515625
0.8185625
0.84359375
0.8591875
0.87003125
0.878859375
0.882359375
0.89034375
0.89184375
0.895859375
0.89659375
0.898578125
0.90103125
0.9010625
0.90321875
0.907359375
0.907078125
0.907
0.906484375
0.910203125
0.909390625
0.90859375
0.912734375
0.911171875
0.91303125
0.912625
0.912015625
0.914453125
0.912546875
0.91378125
0.91590625
0.916234375
0.916046875
0.91640625
0.916265625
0.916703125
0.917484375
0.917375
0.91771875
0.9173125
0.917984375
0.917953125
0.919140625
0.921140625
0.9193125
0.92159375
0.92034375
0.921046875
0.9221875
0.918015625
0.92075
0.92065625
0.92003125
0.9196875
0.918875
0.9213125
0.923421875
0.9243125
0.92434375
0.924140625
0.923640625
0.923390625
0.92328125
0.92415625
0.9241875
0.92521875
0.9243125
0.92475
0.925640625
0.924546875
0.927234375
0.9268125
0.926
0.924484375
0.92459375
0.92425
0.925015625
0.927359375
0.9246875
0.925171875
0.927
0.926796875
0.923828125
0.9251875
0.926703125
0.924890625
0.92409375
0.92759375
0.9254375
0.92559375
0.925921875
0.926109375
0.924515625
0.9260625
0.925515625
0.92684375
0.924890625
0.926984375
0.92646875
0.925828125
0.923953125
0.92609375
0.9256875
0.92590625
0.925546875
0.924515625
0.92484375
0.924046875
0.9264375
0.924125
0.9254375
0.925703125
0.924453125
0.92525
0.92453125
0.926875
0.927796875
0.925890625
0.924234375
0.926078125
0.924125
0.926734375
0.926046875
0.926234375
0.925296875
0.92678125
0.924609375
0.927140625
0.926265625
0.927234375
0.92640625
0.92434375
0.925140625
0.925640625
0.92553125
0.928375
0.924671875
0.926953125
0.92628125
0.92521875
0.92628125
0.928078125
0.924609375
0.925890625
0.9264375
0.92575
0.925734375
0.926421875
0.927421875
0.9263125
0.926390625
0.92703125
0.92446875
0.924734375
0.927234375
0.9265
0.925765625
0.925578125
0.9248125
0.92690625
0.928375
0.928078125
0.926109375
0.92709375
0.928
0.926953125
0.926625
0.926078125
0.92609375
0.92734375
0.92665625
0.92609375
0.926234375
0.92525
0.926078125
0.926453125
0.92659375
0.926765625
0.9289375
0.928375
0.927
0.92690625
0.92625
0.928453125
0.927265625
0.928671875
0.9280625
0.926453125
0.925953125
0.926375
0.92634375
0.926171875
0.927515625
0.928296875
0.926
0.92796875
0.926796875
0.928578125
0.925328125
0.92678125
0.926375
0.926765625
0.925375
0.928421875
0.926234375
0.92878125
0.926625
0.926875
0.927078125
0.92775
0.926859375
0.927546875
0.925515625
0.925609375
0.927390625
0.929578125
0.92734375
0.92590625
0.927578125
0.928078125
0.927859375
0.926625
0.925765625
0.925484375
0.927328125
0.92653125
0.92725
0.92634375
0.925078125
0.92621875
0.928375
0.926328125
0.928296875
0.927578125
0.927515625
0.927421875
0.92828125
0.928609375
0.926234375
0.927875
0.926375
0.92715625
0.926828125
0.92603125
0.926375
0.92809375
0.927875
0.92678125
0.92771875
0.92590625
0.926265625
0.928234375
0.926515625
0.928078125
0.9265625
0.927921875
0.926984375
0.924171875
0.925453125
0.925265625
0.92765625
0.9263125
0.927515625
0.928640625
0.927953125
0.9263125
0.92775
0.927078125
0.92940625
0.926375
0.928359375
0.92578125
0.9266875
0.92640625
0.927375
0.928359375
0.926984375
0.92878125
0.928875
0.92534375
0.925359375
0.92784375
0.927328125
0.924875
0.92709375
0.925859375
0.92690625
0.92728125
0.92846875
0.925453125
0.92775
0.9280625
0.92725
0.92778125
0.92659375
0.926203125
0.92540625
0.92659375
0.9263125
0.92859375
