0.543193801343
0.416778245732
0.368586024135
0.333188844755
0.307329207525
0.288683944926
0.281880923867
0.265298009418
0.262171404906
0.252234298274
0.251175791189
0.246752289668
0.2422027082
0.240772625126
0.238112990685
0.229370961726
0.229086805686
0.230846624404
0.229384907879
0.22488090805
0.224104113258
0.225086798385
0.216197970167
0.219412091047
0.217779251516
0.214251546446
0.218362042293
0.212963130116
0.217834380023
0.215769341514
0.211464807618
0.210407809049
0.211060741641
0.209945160575
0.20710151881
0.207401300214
0.207977167614
0.207294474512
0.205135108091
0.206173135571
0.206435418181
0.205003253546
0.203422114123
0.198988960635
0.202841337048
0.199901195772
0.203000247702
0.199745935149
0.197934223115
0.202557050671
0.200572401438
0.201550209217
0.201169742409
0.200777141713
0.201706481114
0.196377905242
0.193831695862
0.191379629452
0.192862615965
0.190645545814
0.192509201393
0.194584774029
0.191161887482
0.191462812163
0.19115572108
0.188014427364
0.192048151225
0.189908456504
0.192829480965
0.189993243091
0.187016178645
0.186835431259
0.189439697962
0.188123984553
0.18993108869
0.19068851893
0.189566513717
0.18771672976
0.188387600288
0.18842778429
0.184787533868
0.187875591822
0.190917611372
0.189307604015
0.185149841081
0.188711836711
0.191625577137
0.18512530141
0.189187120385
0.189651808783
0.188332421549
0.18850081249
0.190584624037
0.186545563243
0.187485947102
0.185388080884
0.190169083402
0.187428035557
0.187833598223
0.185621040843
0.189526553277
0.187438677736
0.187993707687
0.186955053236
0.187537694313
0.188129036207
0.186849317309
0.190978394095
0.190622046012
0.18763229068
0.189109101512
0.187162120625
0.189831874531
0.188434231404
0.187945727762
0.186322082441
0.182729051873
0.188483252671
0.190490565855
0.185517221358
0.192176915437
0.186369608082
0.187263749626
0.187128760602
0.18801061935
0.186919995628
0.190863277752
0.184570006914
0.187171744294
0.184907800641
0.186325212516
0.189331102446
0.186861738507
0.188115321018
0.188845135376
0.182999612436
0.188887056276
0.186208114896
0.183960777339
0.188962526225
0.184855026111
0.184406322166
0.186731897291
0.189160303149
0.186999732129
0.187012240238
0.187657115422
0.187843817536
0.184689168859
0.18554894634
0.184623939268
0.185625025529
0.190658762213
0.187369433172
0.185348471027
0.186355949573
0.185158475187
0.188190497253
0.188189440694
0.184330386542
0.181557214517
0.183988814507
0.186832838465
0.185542870827
0.18560838056
0.185676215008
0.185544487901
0.185546556771
0.185130820781
0.182890460547
0.185211203281
0.186645971291
0.184747604363
0.1892046884
0.186639314804
0.187734875567
0.185551599655
0.186076618377
0.179687150102
0.182407775953
0.186515028033
0.185392894626
0.186244112562
0.183812702719
0.185822680298
0.181904431358
0.183511286993
0.184976606794
0.18859161596
0.185695570894
0.185343102451
0.185878278032
0.184094531287
0.182307570424
0.185166175872
0.182628980484
0.186074842278
0.180305830073
0.186557412744
0.184154517107
0.184542046279
0.184171687178
0.186657310978
0.18107378472
0.186395006493
0.183144179884
0.185687107634
0.183549614418
0.185448215835
0.183559476901
0.184171851713
0.185649794772
0.185058186509
0.187982378129
0.184666729853
0.182319703273
0.184647134297
0.186286787853
0.18451008315
0.18308810012
0.182175586723
0.183722618137
0.185190750796
0.185036233488
0.185528279297
0.186120326057
0.183720059182
0.186008133218
0.188493435331
0.186006379582
0.183332869858
0.18489416486
0.18287710518
0.185597150084
0.184271023881
0.184130144957
0.182792277861
0.179171139553
0.184154570028
0.183307021018
0.186278919458
0.18403723073
0.186521842871
0.185784466136
0.186127287377
0.182938629799
0.183826607767
0.185102199603
0.183664356407
0.18640628897
0.185576856256
0.18412904821
0.184788144842
0.183203134932
0.185052059565
0.182652720619
0.183558126733
0.188088165779
0.187199306708
0.18669818563
0.1829786296
0.18611660454
0.183374265578
0.181467161957
0.183892953336
0.186299539473
0.182408997267
0.184179494359
0.17925706606
0.185776602391
0.183796607915
0.186314874388
0.184431584664
0.186184123702
0.184386806019
0.183295259841
0.183191970635
0.182125125181
0.180271196224
0.185546902049
0.186189670645
0.183705100816
0.18443868617
0.187094957091
0.183986759219
0.185722100414
0.185135187805
0.18555373279
0.17979082647
0.18668112544
0.184013159093
0.183406870861
0.184194248106
0.184253920767
0.186352147989
0.183898310825
0.190337105509
0.185519687697
0.185419092633
0.18384842113
