0.69525
0.81321875
0.842484375
0.859484375
0.871046875
0.8798125
0.88571875
0.8865
0.892734375
0.894453125
0.8960625
0.898203125
0.898421875
0.902359375
0.902796875
0.904453125
0.904875
0.906765625
0.907
0.907140625
0.910578125
0.911625
0.910140625
0.912125
0.91178125
0.9125
0.91215625
0.912875
0.914484375
0.915984375
0.914078125
0.91653125
0.915375
0.917875
0.91603125
0.918640625
0.91565625
0.918109375
0.91740625
0.919171875
0.917375
0.919765625
0.919171875
0.919890625
0.9213125
0.920140625
0.9199375
0.921296875
0.92040625
0.920609375
0.921765625
0.918265625
0.920453125
0.922
0.92240625
0.9213125
0.921234375
0.9225625
0.92165625
0.921546875
0.92215625
0.92365625
0.923
0.923234375
0.923578125
0.92321875
0.922296875
0.9234375
0.925390625
0.924046875
0.92325
0.92465625
0.923859375
0.923453125
0.925453125
0.9243125
0.925046875
0.92384375
0.923859375
0.925296875
0.925578125
0.9250625
0.925171875
0.92553125
0.925296875
0.9274375
0.92634375
0.924375
0.925234375
0.925109375
0.924390625
0.928203125
0.92853125
0.927375
0.9283125
0.927109375
0.929390625
0.929375
0.92796875
0.927359375
0.929109375
0.93009375
0.926765625
0.927609375
0.92784375
0.9295625
0.92984375
0.930046875
0.929609375
0.930109375
0.930203125
0.9291875
0.929328125
0.92928125
0.928609375
0.929328125
0.929015625
0.928703125
0.93046875
0.9310625
0.93021875
0.9293125
0.928828125
0.9294375
0.9298125
0.929671875
0.929234375
0.930109375
0.93009375
0.92928125
0.930890625
0.9305
0.93003125
0.93090625
0.9301875
0.929703125
0.93028125
0.92984375
0.929390625
0.929421875
0.928234375
0.9296875
0.92965625
0.929953125
0.929390625
0.93065625
0.92928125
0.928984375
0.92784375
0.928828125
0.931734375
0.92934375
0.92796875
0.93071875
0.930203125
0.931
0.92990625
0.930578125
0.930234375
0.9281875
0.930703125
0.93053125
0.931
0.93121875
0.93015625
0.9299375
0.93121875
0.92928125
0.92959375
0.930859375
0.929375
0.930390625
0.9275625
0.93059375
0.929609375
0.929375
0.93003125
0.932515625
0.931078125
0.931828125
0.9284375
0.929890625
0.92984375
0.92840625
0.9298125
0.93103125
0.93021875
0.929578125
0.931359375
0.931578125
0.93240625
0.93290625
0.93090625
0.93184375
0.93325
0.93015625
0.931203125
0.93034375
0.930296875
0.930859375
0.931890625
0.93078125
0.9293125
0.929796875
0.929015625
0.929234375
0.929046875
0.9301875
0.930046875
0.93090625
0.929953125
0.928484375
0.9295625
0.92940625
0.92978125
0.93028125
0.9313125
0.93040625
0.930859375
0.93025
0.93021875
0.930421875
0.930984375
0.9304375
0.929109375
0.9308125
0.9305625
0.931671875
0.92871875
0.928671875
0.9295
0.93075
0.93175
0.929109375
0.929984375
0.931
0.93175
0.928390625
0.931625
0.928984375
0.9305625
0.93075
0.9298125
0.93078125
0.929796875
0.929203125
0.9303125
0.93065625
0.93121875
0.93090625
0.9300625
0.9295625
0.93225
0.93071875
0.9308125
0.92934375
0.931421875
0.92946875
0.929671875
0.930921875
0.93109375
0.93003125
0.930109375
0.93140625
0.930453125
0.930453125
0.93128125
0.929921875
0.929125
0.930140625
0.932921875
0.930328125
0.9291875
0.929515625
0.929625
0.931421875
0.930359375
0.9315625
0.929703125
0.931609375
0.93153125
0.930828125
0.929859375
0.929796875
0.93103125
0.930515625
0.930734375
0.9303125
0.93009375
0.9293125
0.931515625
0.93
0.931515625
0.9294375
0.93325
0.930703125
0.93075
0.93078125
0.930296875
0.929046875
