0.587192966968
0.428371534228
0.36608416006
0.326735698402
0.308255226552
0.290660139143
0.278785857812
0.275836639859
0.265182247996
0.258639687061
0.254612748817
0.249279922709
0.246926553056
0.242368564956
0.238526324078
0.237284740739
0.23363176623
0.230596826248
0.229776711904
0.229674846582
0.224848825745
0.221802574433
0.221356209457
0.219504438788
0.219840123564
0.216996477045
0.219379228547
0.217811271697
0.215880758025
0.210985786065
0.211844768189
0.208202176996
0.212704953779
0.208496420123
0.208500766516
0.207220944937
0.211829890162
0.207826789558
0.208379181731
0.205768416967
0.205984058931
0.201409755193
0.202569206785
0.203444218501
0.19999918852
0.200916974973
0.202727559112
0.201080091365
0.200238088585
0.199272874694
0.197798501138
0.203075777873
0.199390757963
0.198799060944
0.196427389372
0.19962100897
0.199394767635
0.198161496416
0.197005854551
0.200169862334
0.194497939646
0.19697344245
0.196752657369
0.194259268478
0.1953492098
0.195080351684
0.197295715284
0.19495890788
0.189109010514
0.19438223305
0.193701095656
0.192208163776
0.194517246567
0.193280128613
0.19216990919
0.191228295181
0.189793575108
0.194475714497
0.195103664927
0.190067841023
0.18961197586
0.188556849405
0.192147987738
0.189715054963
0.188833660938
0.186624741629
0.188661421109
0.192097682964
0.191606111512
0.189953700736
0.191824209768
0.182856601242
0.183208970573
0.184169417843
0.183471522328
0.186157246597
0.179000840083
0.181079192501
0.185050320301
0.185716244731
0.181803239875
0.181010149565
0.186816555072
0.182679277876
0.18362007961
0.181830392815
0.181893163584
0.1819133991
0.180699248351
0.180400554698
0.181990974583
0.182313333616
0.181504631687
0.179358071811
0.18403991494
0.179864464834
0.180063088369
0.180524909977
0.178177454025
0.177790531863
0.177491031751
0.18023543248
0.180071944732
0.180153878946
0.179808241718
0.176157570053
0.180097534589
0.178362935208
0.180707093924
0.179917558108
0.17819211195
0.177589444373
0.179919731606
0.176479621228
0.177638231162
0.180125810698
0.177305757508
0.179573638298
0.178103099894
0.18022304558
0.183246869363
0.180253411159
0.180253261045
0.177256694641
0.179141711753
0.179560331088
0.179358985268
0.178932929277
0.182630944122
0.180762138329
0.176955035176
0.180344762184
0.182157041263
0.178363437805
0.178638807777
0.176887781769
0.179974072676
0.178652981125
0.176714872662
0.183428859703
0.176183059268
0.178696142156
0.176895228289
0.176446466852
0.17597078215
0.180474599283
0.176857867911
0.179264817119
0.17981731648
0.177382779781
0.179395064671
0.17749104723
0.183616735715
0.178081658769
0.180946178265
0.179058241386
0.177649790723
0.172941927627
0.17771106638
0.176748627283
0.18153262569
0.179773183651
0.180093156371
0.181365718927
0.179854201771
0.177845665347
0.179483853556
0.179126043726
0.17380100577
0.177306427263
0.173964437027
0.173223162729
0.176467101
0.175518464167
0.173139295712
0.177139816541
0.176063751653
0.175118943386
0.176660755146
0.176712902874
0.178389493581
0.177981374372
0.179338738311
0.180117723115
0.179845841944
0.179105323397
0.183261321301
0.178039583143
0.177879245423
0.177015824348
0.179299294017
0.180815589309
0.177767536782
0.179903056443
0.177973877579
0.177073119663
0.175320421953
0.175919571966
0.178064021412
0.179359800722
0.178753955022
0.178331161305
0.173987029124
0.179443023037
0.17977437374
0.177642113289
0.176597512703
0.175047046248
0.179598246023
0.181175349884
0.179665256951
0.176816435661
0.176417900804
0.17969174904
0.180200528085
0.1782022245
0.175542289689
0.181293375503
0.175076029086
0.178836928412
0.177945870809
0.176906219155
0.180423333954
0.175187043831
0.177831181411
0.177492761683
0.176666493863
0.177915651649
0.174978769293
0.176500241678
0.177665984098
0.180451495413
0.173977694232
0.176581054211
0.178104218263
0.178953964721
0.17733208527
0.177131910659
0.178543015059
0.179353426419
0.178205188785
0.17859308463
0.178636628926
0.173954752602
0.178561788615
0.177077127423
0.174946549151
0.17903194486
0.179549456157
0.176547402512
0.172865125157
0.1782967081
0.179123115264
0.178451939739
0.177768100614
0.174870137021
0.177672533087
0.174725230522
0.178105433591
0.176237751607
0.175191796437
0.17833789802
0.17770848912
0.17992234562
0.17579914593
0.176344940182
0.176926183138
0.176109788965
0.179023208059
0.178931203168
0.175971430764
0.178409857115
0.176406662557
0.177945675302
0.173669903994
0.174958981715
0.176373547308
0.176209310807
0.175741038334
0.180377616188
