0.579887242109
0.46078834486
0.41088698329
0.3592255041
0.332592208877
0.315063332587
0.302541131228
0.288142241448
0.273984717421
0.26749325683
0.262881765902
0.25836611779
0.25115306183
0.24874706509
0.241541259378
0.2443837796
0.240206431046
0.237990764841
0.233093461573
0.231970778849
0.227165295653
0.22246210558
0.227427442834
0.219910642046
0.220924415343
0.216919768251
0.214230700146
0.216352043018
0.217016758107
0.213430573113
0.212392077424
0.209672225717
0.21060951715
0.209801073756
0.205846302688
0.20847675667
0.207726272356
0.208349747762
0.201827477906
0.205132004324
0.204479763947
0.204781745784
0.20439597448
0.201480813902
0.201304691382
0.198241807647
0.202776449442
0.202123283535
0.198360900242
0.197953779373
0.197735513799
0.195822466347
0.196228127725
0.195117315512
0.196355827831
0.193844759107
0.195729418881
0.195531949226
0.198768337138
0.193479748212
0.195228783958
0.193943620443
0.195063988522
0.190522723883
0.190469088402
0.192779119186
0.192508025292
0.191734358892
0.192327595845
0.192369156394
0.188709955655
0.191451438103
0.18731284852
0.184716731478
0.188980688896
0.188191131383
0.189256827585
0.189834586568
0.192254447836
0.191610640272
0.18436834231
0.181364490852
0.181732074104
0.179822408516
0.180806559566
0.179641247086
0.183687888905
0.18270429007
0.179830917303
0.180694929633
0.182749719217
0.181675896086
0.181392425586
0.180731964458
0.179712983821
0.181307248935
0.178035867963
0.182030684553
0.178169532739
0.182525863484
0.182720034331
0.18071959063
0.178992053296
0.184175947636
0.179847555399
0.179118484538
0.180631464463
0.179985468786
0.17504099901
0.183173604593
0.175871817745
0.182056265086
0.178796812676
0.180740371574
0.180978740044
0.176384107187
0.180918086667
0.180590974588
0.178456879109
0.183233011
0.178363308828
0.176843299177
0.17844896581
0.182227817129
0.182651710331
0.181937070247
0.178145643242
0.176996335983
0.183242666729
0.179926349226
0.17959715623
0.180406042319
0.179000564747
0.179446940586
0.1785338636
0.180624211375
0.180715270814
0.179130692769
0.180203165311
0.176655908313
0.177850603208
0.181072247382
0.180874146469
0.176356472265
0.180581706297
0.177475841779
0.180053906839
0.176806892566
0.178485446829
0.183258223381
0.178912985388
0.17863665247
0.175616829228
0.176435863961
0.178385505613
0.179569575228
0.17942812299
0.178133440141
0.181730955757
0.175765408859
0.178262620084
0.178361259751
0.178871127427
0.183672487468
0.180055576406
0.180310350906
0.17648966077
0.178099025007
0.179549745902
0.174598251652
0.180288619876
0.180876904786
0.17879035705
0.178807629643
0.17676689988
0.177641544832
0.178160647206
0.176211557835
0.178570763201
0.179238070995
0.178445530707
0.17775404356
0.173926834887
0.183415529713
0.177693710163
0.179476507533
0.177842778139
0.178457988907
0.17610030698
0.181216725826
0.178392295409
0.179490007896
0.176107751073
0.178819347147
0.177838285625
0.178748649422
0.173821904074
0.177906138882
0.178236015812
0.178483545307
0.179772310164
0.177804066166
0.176610901438
0.179697336458
0.177843538087
0.17674434194
0.177791389175
0.176007925343
0.179252683245
0.178827613287
0.178528819896
0.179688778132
0.178537459705
0.17810106736
0.175266875677
0.179516729355
0.175671471931
0.176732444182
0.178470929399
0.177933668748
0.17634575687
0.176775926609
0.175758091297
0.175541335728
0.176938682988
0.176555933576
0.176145658813
0.17512792947
0.177431884898
0.176574544758
0.173433682177
0.176407945286
0.177018748939
0.175235914342
0.178461837508
0.180352277461
0.179130880751
0.173351907384
0.176940852713
0.178861948472
0.172389443763
0.177724169143
0.175674405716
0.176086339694
0.176357729912
0.177589645267
0.174094062734
0.178551878214
0.177927616488
0.181214244824
0.179683582589
0.176289959084
0.175397093156
0.178455896907
0.175445641402
0.180797818866
0.177119506072
0.180709889013
0.174848063597
0.17736786497
0.174073385306
0.174901395373
0.178049887527
0.177142562777
0.178351572756
0.176733417813
0.177203826588
0.174842741545
0.179468590092
0.179187565513
0.178427101467
0.175008149408
0.178681226373
0.17516332968
0.172869198494
0.17745084383
0.176908314116
0.172529027391
0.174924347393
0.177337262657
0.179598899432
0.176794352274
0.179462174658
0.176792918947
0.178361282941
0.173656583905
0.176054164842
0.177535465889
0.178611791141
0.177125125483
0.175360241875
0.175440652404
0.179014322285
0.176466835767
0.176533535197
0.17835631457
0.175621781182
0.17654088442
0.1757021969
0.176804903924
