0.693890625
0.786875
0.819890625
0.84328125
0.85875
0.866984375
0.875015625
0.879046875
0.886421875
0.890796875
0.89084375
0.8945625
0.897671875
0.898796875
0.902875
0.90065625
0.903125
0.904578125
0.906484375
0.90775
0.907578125
0.9106875
0.909328125
0.912546875
0.91253125
0.9133125
0.91375
0.914515625
0.913328125
0.914734375
0.91503125
0.916359375
0.91678125
0.917140625
0.918375
0.916390625
0.9179375
0.916875
0.920359375
0.9199375
0.91934375
0.91921875
0.919046875
0.920625
0.92015625
0.921875
0.919875
0.918828125
0.921390625
0.92203125
0.922484375
0.922140625
0.922359375
0.92284375
0.921984375
0.923484375
0.9235
0.923078125
0.920171875
0.922359375
0.922109375
0.923078125
0.923203125
0.92534375
0.9240625
0.92290625
0.924765625
0.92365625
0.923421875
0.924984375
0.9256875
0.9250625
0.925390625
0.927609375
0.925765625
0.92715625
0.925765625
0.92640625
0.923109375
0.92540625
0.9278125
0.92915625
0.928203125
0.928828125
0.9281875
0.9285
0.928515625
0.927984375
0.9291875
0.92834375
0.928234375
0.92809375
0.930625
0.928984375
0.929515625
0.928578125
0.9295
0.9289375
0.930546875
0.928078125
0.928640625
0.928828125
0.928734375
0.927703125
0.929046875
0.928796875
0.92875
0.928109375
0.93228125
0.927890625
0.930328125
0.928046875
0.929828125
0.92928125
0.92896875
0.929515625
0.929921875
0.928890625
0.928828125
0.927890625
0.9308125
0.93
0.92840625
0.928234375
0.9280625
0.928828125
0.92890625
0.93046875
0.92853125
0.929828125
0.928515625
0.9299375
0.928984375
0.928625
0.93078125
0.92953125
0.928546875
0.92965625
0.929703125
0.9308125
0.931390625
0.927859375
0.929015625
0.930390625
0.928265625
0.929578125
0.92896875
0.930859375
0.929609375
0.928265625
0.9283125
0.929140625
0.931109375
0.93015625
0.929296875
0.92896875
0.928953125
0.930578125
0.928078125
0.929859375
0.930671875
0.929515625
0.92884375
0.9283125
0.929328125
0.928609375
0.9301875
0.9294375
0.93196875
0.930890625
0.930125
0.928796875
0.929921875
0.929734375
0.9305
0.9305625
0.9311875
0.93096875
0.92996875
0.928546875
0.929328125
0.93059375
0.931828125
0.928265625
0.931171875
0.930125
0.930359375
0.9308125
0.931171875
0.9288125
0.929515625
0.930296875
0.930671875
0.930546875
0.930328125
0.929046875
0.931359375
0.93034375
0.9304375
0.929921875
0.9305
0.93015625
0.930921875
0.92984375
0.9313125
0.9300625
0.930640625
0.93028125
0.930171875
0.92946875
0.928875
0.930234375
0.930125
0.9298125
0.931359375
0.928203125
0.931171875
0.93059375
0.930515625
0.92959375
0.931703125
0.931421875
0.930734375
0.9299375
0.931328125
0.93065625
0.931578125
0.929953125
0.930453125
0.931421875
0.93178125
0.931359375
0.93015625
0.93121875
0.929390625
0.929796875
0.929171875
0.932234375
0.930234375
0.929921875
0.931625
0.93065625
0.931109375
0.931015625
0.931171875
0.930265625
0.93165625
0.93053125
0.9299375
0.928703125
0.92890625
0.93096875
0.930015625
0.929390625
0.9325
0.929078125
0.93096875
0.929703125
0.930625
0.9300625
0.932296875
0.931234375
0.9296875
0.931234375
0.9304375
0.92978125
0.93075
0.930765625
0.92990625
0.929609375
0.929171875
0.93103125
0.9295
0.929859375
0.932375
0.929609375
0.930328125
0.932328125
0.9318125
0.92921875
0.930046875
0.931484375
0.928515625
0.931
0.930375
0.93196875
0.930765625
0.930640625
0.929375
0.930234375
0.931734375
0.930765625
0.93078125
0.93065625
0.93165625
0.93115625
0.930171875
0.929421875
0.931203125
0.931125
