19.1322929919
13.7164360631
11.0640305591
13.2441714144
12.4139767742
8.75857120156
7.1657049346
7.37978449702
6.91430446923
6.69778190792
5.40175094426
5.64134896874
5.57485591352
5.41348933339
5.37366402149
4.77823329926
4.87637626886
4.86801441669
4.7992943722
4.72265425682
4.3452200228
4.47767707705
4.53464100242
4.25065906227
4.31580476642
3.98585757434
4.07953693032
4.00758448541
3.90944701493
3.86342353106
3.76714299798
3.62598193228
3.74341848373
3.75349513948
3.70856250525
3.40188076854
3.5527370584
3.52906547189
3.39351319015
3.45590613246
3.28837406754
3.23769740194
3.2559492138
3.19165338069
3.18198480606
3.12155598193
3.0203402099
2.9913517192
3.01217911482
2.94375111997
2.93072198838
2.84941338599
2.82363382518
2.81176110625
2.78868290663
2.7259065637
2.66388485461
2.63973846853
2.62994704455
2.64067947447
2.54805945903
2.50849575549
2.48477030903
2.51973170847
2.49195126355
2.41967796981
2.38305508971
2.40168743074
2.3295852676
2.38332847148
2.2843840903
2.30573092997
2.30383982897
2.28263369918
2.25240424275
2.24556513786
2.2058852303
2.18108509451
2.16542364448
2.16853429735
2.14810366929
2.12270234823
2.1076699999
2.0790433836
2.09604412764
2.0220920217
2.02695936173
2.02356920213
2.03095516264
2.02738317847
1.9733019799
1.97406465143
1.95355733395
1.95425477833
1.94999160081
1.9352202782
1.94257337004
1.8974530986
1.90224137783
1.87875093758
1.8571253702
1.87235190392
1.85330870628
1.85381611228
1.85407911152
1.84492720813
1.82745747447
1.83405628234
1.80245917439
1.79212304175
1.80202778012
1.77915650398
1.77420140862
1.78434163272
1.78081902742
1.74988918811
1.73929428875
1.73924698561
1.74795485497
1.72752339751
1.7382126233
1.71161650479
1.71063285291
1.71421085984
1.7064167726
1.67195079535
1.68102617264
1.68028185308
1.674691239
1.68783576131
1.66759239346
1.69748933226
1.67078929335
1.65764761031
1.63961478114
1.64352985889
1.63069823116
1.65554277778
1.61973081648
1.62327604979
1.62609309167
1.61552952051
1.60347694606
1.60489086986
1.59590938747
1.59187435508
1.59818889171
1.57150484771
1.58518816561
1.58159828812
1.59655335277
1.57926986545
1.56105337977
1.58475622267
1.56035788864
1.55502038896
1.56659780264
1.54677080303
1.54606039405
1.5425698489
1.54548921287
1.54756248057
1.53543059826
1.50745316684
1.53778173715
1.52397697836
1.5368478024
1.51249432325
1.50252734005
1.51952543467
1.48536450475
1.51098737627
1.50191041589
1.50139633834
1.49222741127
1.5147593075
1.49329511553
1.46994592458
1.4814983204
1.48967892885
1.47156632096
1.49693157792
1.49025282353
1.46825245321
1.48072827816
1.47464028507
1.46145737067
1.47175825596
1.46687250674
1.45276551992
1.46346433997
1.4537433967
1.45965683073
1.44824155718
1.45608440936
1.44891267389
1.45294950157
1.43000071496
1.43495918691
1.43131105497
1.42558300793
1.44016891748
1.43468095005
1.42814371377
1.43670676261
1.40760310173
1.41227160096
1.43020792842
1.41740660906
1.43078603655
1.42078009516
1.4086752221
1.40998350263
1.39166989625
1.41136808276
1.39715726778
1.40881979406
1.41191681862
1.40494749039
1.41430014998
1.39947327003
1.38964090124
1.38558942497
1.3862051186
1.39676741943
1.3878848888
1.38045587391
1.38736488983
1.39257572979
1.40109670579
1.38511195153
1.37410738677
1.37232637629
1.37268699571
1.38375007749
1.3717791
1.36021058619
1.36567356795
1.40152069986
1.37583497107
1.37078716621
1.37975299925
1.35959039792
1.34572809011
1.38172077253
1.35193691432
1.35657912463
1.35096458629
1.34449418411
1.33715641767
1.35086752862
1.35018510997
1.34368909866
1.3493758285
1.34437334284
1.34767655268
1.33909002572
1.33596536979
1.33223367229
1.3410084188
1.32920116708
1.32950168163
1.33070993915
1.3400929454
1.33805910781
1.32684733495
1.317056164
1.32307607904
1.32205083281
1.32021790102
1.32641514093
1.33713998109
1.31800012782
1.33178164274
1.3255982171
1.32114563599
1.31175068542
1.3014551428
1.31363840193
1.3114081499
1.33984019578
1.30629174039
1.31370066732
1.31400517464
1.29709112406
1.29578686133
1.30335776925
1.29706860691
1.2960597001
1.31305606335
1.29433567688
1.30011159092
1.29532479256
1.30927353188
1.29461693302
1.3006312184
1.28433423534
1.29030054659
1.27891878918
1.28675112218
1.29483490154
1.28371109545
1.28920811206
1.29339334249
1.29198216721
1.27193154544
1.28631382391
1.28570284069
1.27626157299
1.28445825309
1.28087480232
1.29642424926
1.28109403774
1.27531285331
1.27975152642
1.28597630933
1.29012483224
1.28579950914
1.26977571949
1.27045947254
1.2691767779
1.26624832749
1.26644846931
1.26016160056
1.2692140089
1.27271996364
1.25608538911
1.25235134259
1.26515572384
1.26314167783
1.25923134208
1.26109406501
1.25382954463
1.25346616462
1.25726513594
1.25516324252
1.25664249212
1.26334364519
1.24478262007
1.25894832373
1.26176928446
1.24038333774
1.24225557104
1.24244643718
1.24840744168
1.25664447606
1.24231565773
1.24691352844
1.26461201832
1.23875324935
1.24564113587
1.23238578975
1.2259371081
1.23891499296
1.25116354704
1.23261918351
1.23531314656
1.23181893393
1.23037243769
1.23182606637
1.22861679897
1.2374491033
1.20723002374
1.23270458415
1.22288128003
1.24110238239
1.23224698246
1.23096861482
1.22668017581
1.226248395
1.23812116355
1.22128575921
1.22531148806
1.23798809797
1.21911569327
1.21510013089
1.21475955606
1.23076499879
1.21892208204
1.22819410816
1.20988633722
1.23529523924
1.21306439832
1.20049866885
1.22771057889
1.21745360583
1.21235552549
1.21995942995
1.20988852441
1.21140440241
1.21130907223
1.2049925594
1.21222933412
1.2046359323
1.21576334119
1.21222214311
1.20230783239
1.21354768217
1.20321751878
1.21786748216
1.19802452102
1.19816825733
1.20314242557
1.20665454939
1.18743661359
1.18672229081
1.22497702166
1.20168968454
1.19350137547
1.17585550368
1.18939117566
1.19923973501
1.20056028694
1.20051995307
1.19100709409
1.1787190789
1.20627597362
1.20303851098
1.19539211273
1.19171540186
1.18616482764
1.17856122151
1.19722390532
1.17743617356
1.17839734569
1.18446732789
1.16967810243
1.18217137814
1.18514237612
1.19986962914
1.18795178398
1.19573339343
1.17991444618
1.17644305363
1.17302955523
1.18048484385
1.17465265006
1.18007858545
1.17426662087
1.1828626956
1.17139035851
1.18499111041
1.18408085525
1.1774551031
1.16315260828
1.17647786438
1.16631102726
1.17839494154
1.16931184545
1.16160194486
1.1661020492
1.1897596021
1.17811942115
1.15288053185
1.17076308385
1.15952153757
1.16356951252
1.17181193575
1.18616938308
1.16342352703
1.18705614671
1.16195026457
1.17412762642
1.16675394475
1.17316721782
1.17176269487
1.16354519144
1.16697129607
1.13932767719
1.16782302156
1.17094010338
1.16516476601
1.15604339957
1.15511521205
1.15477537781
1.13766121194
1.15047701836
1.16028454214
1.15166524857
1.17570749983
1.15711607575
1.14624857455
1.16414448366
1.17777123228
1.15942727804
1.16073526144
1.16445056722
1.16263137102
1.14110097364
1.145134345
1.14475669622
1.1466654332
1.16581591129
1.14845741808
1.14340488136
1.14590009063
1.14387626961
1.13767271444
1.14266300738
1.14674014464
1.13803382263
1.14635405049
1.13463811487
1.1528144677
1.14939681694
1.13545053467
1.15097873718
1.13140666842
1.1498638767
1.13068793476
1.14401340127
1.13129732847
1.14640275449
1.13404892862
1.13756193399
1.13604560778
1.13222456262
1.14019470692
1.1350999856
1.13043540969
1.14753129154
1.1457986404
1.12675347939
1.13460497484
1.1444885321
1.13725870058
1.13538575411
1.13007349834
1.14262977019
1.12720799953
1.12770205125
1.14208336592
1.13411562353
1.13104171529
1.13094583794
1.12295339793
1.12128512219
1.12308109388
1.12486344412
1.13065890804
1.13835518464
1.14311020583
1.13425181627
1.13380611554
1.12773562416
1.11170743942
1.12958301723
1.13741463721
1.14800654829
1.13754640386
1.12658677846
1.12620169967
1.13797367901
1.11062382475
1.12292471632
1.11285670817
1.11167168722
1.12687891856
1.14257757083
1.12264788181
1.11002993166
1.10521900639
1.12080253184
1.12047331125
1.12627172515
1.13323277175
1.10042827353
1.11759331182
1.11380113974
1.10483069703
1.12322581053
1.11494901791
1.11483631492
1.10685300872
1.12042711988
1.11607063413
1.11352824509
1.10673613518
1.10824536115
1.11762550011
1.10429332092
1.10830755562
1.11265406281
1.11152380273
1.1123950243
1.11064526573
1.10959326863
1.12097186431
1.1161075972
1.10104900599
1.10338820219
1.1024570021
1.10523012713
1.11354400024
1.09209538147
1.09291225046
1.10351500645
1.09227316156
1.10039940342
1.11096774057
1.10964414865
1.10964133292
1.10522857964
1.11662952289
1.09867723405
1.10220846176
1.1085605596
1.10198579133
1.11454248577
1.09564835042
1.11511719674
1.09885591283
1.11372348055
1.10289905801
1.09576160848
1.0934468545
1.10898405403
1.10699408099
1.08669384986
1.11152947664
1.09479895398
1.10227494255
1.1095613797
1.0928386122
1.10607045978
1.08781676099
1.08652191788
1.09357015908
1.09794618756
1.09071151271
1.0988695842
1.09202603221
1.09164896086
1.08878207922
1.09503557771
1.08232438549
1.07956322894
1.09222129583
1.09546009868
1.09901624873
1.10071595237
1.07819606021
1.08632592946
1.08579578504
1.08599370509
1.07716508508
1.07426538065
1.08343027189
1.08433028698
1.09501869157
1.08058035359
1.0755382444
1.08304622114
1.08658712789
1.08705832139
1.08740359291
1.08635921463
1.08328151926
1.08914968461
1.0936162436
1.09293884963
1.07128775299
1.07499402255
1.0877133131
1.0892366837
1.08190410078
1.08068445235
1.08434262112
1.0880185467
1.08150260195
1.07447115913
1.07912362292
1.07386020511
1.07170807809
1.08962563559
1.07391326115
1.08511533245
1.07441998482
1.06961112842
1.09665257841
1.07795136064
1.06703228995
1.08353744224
1.08596246392
1.0829429853
1.08392257497
1.07011095017
1.05896870732
1.0792310527
1.08531513467
1.08337543473
1.07890161991
1.06175532416
1.05384178132
1.07709488451
1.07359064251
1.07068730265
1.07944747135
1.06549144194
1.08232142925
1.0721319218
1.06774490431
1.06989532024
1.05555286124
1.05974557891
1.07750887766
1.0702390489
1.07079867721
1.07855599687
1.06900633454
1.07843090445
1.06992171958
1.07123397693
1.06834178895
1.07340678439
1.07598264948
1.06384070262
1.06370653257
1.06830780312
1.06370572403
1.06824332595
1.07165569931
1.06154313236
1.06937564328
1.07270473197
1.06032494321
1.04789562792
1.05492688522
1.07073148161
1.05906913593
1.05303417727
1.06279749677
1.07019435614
1.06434725061
1.05912391439
1.06409075007
1.05848068103
1.05508954868
1.05817314848
1.04745648578
1.06673660874
1.06134159505
1.07316277698
1.05177584186
1.05991279185
1.05032158896
1.06369924307
1.05214422747
1.05902959034
1.06367128417
1.05636069387
1.07965577304
1.05280448288
1.06763047531
1.05414835989
1.0437004666
1.05490790084
1.05611255467
1.04346791014
1.04249152228
1.05100380778
1.05407285884
1.06275850102
1.06388758123
1.05849104911
1.06713821962
1.06348550633
1.05562826335
1.06652499124
1.04105979919
1.05701326266
1.06349241167
1.04638805926
1.04723128825
1.05536142796
1.06187575042
1.04939306155
1.05249219298
1.03425333932
1.0554964599
1.04066127121
1.05206483901
1.05814702168
1.05940111965
1.05207454517
1.05989692032
1.04602568805
1.04559187129
1.05664982066
1.04668756858
1.04066602856
1.03651955888
1.04653835967
1.0485946013
1.04131524444
1.0469549717
1.04167904317
1.0564644894
1.03671054363
1.03989766449
1.04809629396
1.04218311533
1.04546786129
1.0484698911
1.04065207347
1.03332247332
1.0468266046
1.04679699391
1.04409365356
1.04036432043
1.04829402655
1.04048758492
1.04223645315
1.04226732269
1.0422247012
1.03760538653
1.04493399635
1.04353173792
1.03869049653
1.04291235253
1.04114016846
1.03175545901
1.04854765624
1.0387220414
1.04509726375
1.02882061258
1.05646929607
1.03175887495
1.03042304814
1.05858159706
1.03082296267
1.04946795687
1.03827590182
1.03783296138
1.04809187755
1.04929674059
1.04581809774
1.04051314205
1.0379695037
1.03216667563
1.04765421703
1.05342967644
1.04693135142
1.03817542136
1.0329577072
1.0299671869
1.02279919401
1.02946953073
1.04820378333
1.03660690457
1.05301100656
1.03538346976
1.02792488694
1.02643597409
1.04217203587
1.04191691056
1.04450724393
1.04886658952
1.03052528471
1.04822583973
1.02697324902
1.02962923288
1.03387628183
1.02640488982
1.0197197403
1.02923880219
1.0409130156
1.02551787689
1.03038896605
1.01875785336
1.03979805097
1.0250191091
1.02980638921
1.02507066414
1.02810544178
1.01934158906
1.01934310794
1.01953552648
1.01519305289
1.04194872424
1.04019995391
1.01726779312
1.02913897708
1.02910426155
1.04469075784
1.02643715993
1.03968955562
1.02364351943
1.02329342365
1.02295653075
1.0184748961
1.0314518857
1.02248145193
1.01945746034
1.02353099048
1.01045856193
1.02520630881
1.01579063505
1.02711524203
1.02369149283
1.02863505915
1.01959628299
1.02058132499
1.02716779783
1.02893077984
1.01150584102
1.02406126589
1.03605693802
1.01741142005
1.03168495446
1.02981705919
1.02583394781
1.03416654423
1.02064169794
1.01727029428
1.02227504998
1.01075802639
1.0092652306
1.02904564679
1.03064322859
1.02745879546
1.01021865487
1.03105808899
1.01333937347
1.02402635366
1.01026785865
1.00954712182
1.01410863131
1.01334375158
1.00946839496
1.01296641067
1.00114013478
1.0099689962
1.0099227947
1.01406240597
1.02202680007
0.998924938738
1.03132751584
1.02163800493
1.0243537052
1.01969006285
1.01303063765
1.01659369305
1.02454470456
1.02231054366
1.01490475774
1.01415761381
1.02487277731
1.00661201254
1.00820426196
1.02293257207
1.00483764336
1.01492762461
1.01638660505
1.00494234875
1.01376232848
1.01631472141
1.00715505317
1.0160500522
0.989797582328
1.01538563877
1.00764740691
1.01715763316
1.00801810563
1.00655785918
1.01481179953
1.00747990355
1.0062431708
1.00172787651
1.00777946889
1.00177052334
1.00183953226
1.01396633059
1.01789136931
1.00744396999
1.0192310901
1.01619456768
1.00098924309
1.00465305865
1.0186486727
1.00703622997
1.02087058619
1.01051875487
1.00871781126
1.01208464071
0.995361057818
1.00777281255
0.993399071246
1.01491517544
1.01317956954
1.01138214737
1.01295500055
0.998824803382
1.00547039181
1.00729372472
1.00698564708
1.01489847586
1.00142176166
1.01610848278
1.00306075171
