1394.23603584
967.149599953
608.300625076
567.970308228
466.317857933
394.898083458
324.248077774
333.220310249
293.327045212
270.808560295
258.271752281
238.226744442
217.007863235
206.927701168
183.580798779
186.964314117
173.738008499
168.656626701
171.833576298
163.054306822
149.443135099
160.024036808
152.315461178
148.279712706
152.883123446
143.898508434
132.435336466
135.14986681
132.013089285
135.818815308
124.175407772
121.825612411
122.993547134
126.432886019
116.811597462
114.898259192
119.346375837
111.603024263
115.220035877
117.689809318
116.665413027
115.056409998
109.251271329
108.724443998
106.176688595
117.394236417
105.370750179
114.90707727
102.969823799
106.967493834
108.904929309
96.1809729624
113.928442645
104.908556552
107.332176261
100.558004861
104.473758473
98.5446665812
97.9069874048
95.7036639547
93.2154939079
101.71344604
92.3290611076
101.165573893
103.741007361
96.8375564623
96.4588039827
94.7465264606
103.578734012
97.293919096
99.3697115135
102.027017264
95.1988628578
96.7311587238
100.005266471
97.9399241877
101.868622437
92.8701988029
100.730049667
93.9881353712
98.673068347
90.9715798855
92.3502290678
94.3387642145
89.4935356474
93.3292652225
90.9700542021
87.7372911167
96.1869241858
91.0524892759
92.015082531
89.8961531496
86.5532327175
95.3904420519
98.6926701546
90.2460255194
87.4357216072
88.4164977789
92.34667063
97.7174863148
100.965873966
89.9632545519
89.2581058884
85.1798836613
89.7745405149
91.5469822836
93.6561116838
92.6403870058
93.6846165729
92.8364564896
91.0814050102
94.7594918442
86.3321770239
83.2867081738
85.7383087826
89.0488138199
85.7281725216
91.9351100969
91.094906764
90.8360855675
86.1201217794
84.0189116001
92.9818226218
84.6234181213
90.188723855
88.3858586121
85.0489872646
95.5922139883
81.7984508228
83.1368122292
89.0948541927
89.6366310358
86.5646208715
90.4098274708
85.4915604067
95.2775068998
90.221588068
87.8890934801
81.8902668953
89.8783272219
87.3202750516
85.8574954891
87.2780198765
79.7632305861
84.3034163284
91.3016094398
91.7195627689
86.5433661079
87.1848548794
87.0144300318
86.6832049608
84.1207158327
90.3715045023
93.8145059156
88.579576149
87.0763893032
89.4230950403
85.4568632221
86.6756240129
92.6585621023
84.2053070164
84.5437821913
86.2158857059
88.3504889894
83.388641572
85.3125695944
80.9859991002
86.6505809879
85.5808217573
86.872135005
91.4303909159
84.8098417044
87.7315598249
78.6710794115
86.9212844086
92.5173946142
81.9398993516
85.8746091413
79.1451771545
91.0116900396
86.0145899439
83.5343092155
89.6175555944
87.4659086752
83.0266820621
83.2073969746
91.5339867926
87.584186368
89.6565273094
83.6249622345
82.2984272814
86.7581491089
90.1792465591
83.2881311893
84.354569788
81.1899715042
77.5845167351
89.5274490309
84.1460147905
84.5821685171
82.4893550372
87.989340477
83.7216684532
96.9721517086
83.1350750685
79.6381383228
90.7076164913
76.2163990736
83.7071387768
87.4695666075
75.6800501204
85.642180953
78.0670020819
74.756988163
86.5261666059
84.0292807817
93.1640275931
79.675347023
90.2299285269
82.0295646191
83.2238049793
88.6657355642
83.79314991
80.1533027244
81.9222474766
84.4878352833
84.6448852777
75.7284690189
81.0404611063
89.4221582603
76.6472792816
83.3047900534
84.8925443673
90.5590423727
87.4498424435
85.2776683378
86.1778239202
87.7478849697
77.8643184161
85.2084695816
86.7836316299
87.5472949553
83.6196730375
78.6154900122
86.009097209
85.0419807625
81.1992873764
82.0432178402
77.7062517881
84.907775526
90.5431782198
83.0122879028
82.8187391496
73.5408800983
84.7595198965
78.8018951845
78.7600042152
77.8034108496
90.3652228355
79.5619712067
77.2273176479
78.1968372869
78.4643233466
83.1401173735
82.5058490849
78.1573753119
80.1319602299
85.176304245
83.6531674528
81.1112653971
72.1437423229
87.2666749668
85.4054770756
94.6044103861
88.0826084185
88.0684905481
77.1272523737
78.7483402491
75.8573265886
87.7269977093
83.4613891029
90.7026157331
78.6157887745
75.1119953871
79.617769599
82.5626566172
78.9284618664
80.3270495892
86.4332856655
82.8415740967
79.257089839
82.1189565086
81.0423786783
87.9527463531
81.5364696789
76.7796629238
77.1518226671
81.9347832775
79.6676817083
81.5523301125
78.8726011515
88.0120661569
79.4175520945
79.8202179193
72.6643303394
78.8002282906
78.4332079649
84.4009104633
82.0904278088
83.4035962439
74.6783501816
76.6936851811
77.1108267784
85.4795180082
75.6022244358
75.0278706217
75.6035052681
77.7085190535
81.5725254631
79.896083765
78.3914859033
81.0922723579
82.0161983919
80.6022523022
80.7172804928
82.9765653515
79.9648238039
73.7512101078
79.5137739921
79.7197051287
77.4747028303
83.5322798538
82.4609423661
70.9720864248
78.1124865723
81.488096571
87.0185933352
75.7075819659
80.9920914102
76.4337739897
79.6805073404
76.6141676617
76.6473650551
76.234094305
78.8168142796
78.7020058584
83.855471139
85.5869200611
75.7386809254
72.0439764881
80.0464699888
80.9996227789
76.5385564518
74.942493372
77.9147692347
75.6195983601
74.1651935887
77.7051791
78.4709574747
75.4038390684
75.3097717428
82.488502388
73.439745841
71.8787408352
77.0283559513
74.4740924978
79.0700340343
72.415226891
75.2539866185
76.5433400583
72.6060223055
80.9213491726
70.2851944494
74.9778009009
75.9420764399
76.3937878871
76.9996478367
76.9771761703
78.6816492844
79.4872133875
73.647786541
77.3846523046
76.9545973444
76.6644461131
83.0676398659
72.3626123142
75.948043046
79.2033919621
75.8518268108
77.0514333344
76.6207424283
75.0827842426
75.4518428755
72.126847446
79.2247656345
81.134670639
72.7235933805
77.0066780472
83.4711243582
70.9678157997
76.126246171
73.5508319807
72.5649595499
74.9577811766
79.7292807245
68.4845167327
74.1621370554
77.3420132542
77.9319151735
79.8186310434
74.5730650949
74.7839731359
75.6566725588
80.6305332708
69.8901473904
78.1715733528
81.243388772
74.6777751541
71.1102912664
75.388302927
77.7682029819
68.9918065929
76.8781359339
74.2862946701
78.015626874
73.0194074106
76.6023658943
83.2728046131
79.4658997393
69.2369142771
80.2488741493
78.6461338234
68.6912606955
76.5865679073
72.7040991426
67.4262620783
73.6918157268
77.3905802035
73.656692009
72.2679992294
68.3804064178
79.1943518066
66.6538479137
69.9047837162
74.4244873857
73.3290916586
69.1043739653
76.831291399
69.3819879508
75.3423794508
72.7383276415
75.3330884457
75.3096138716
73.1545083785
78.3988349199
72.6075342417
74.656594758
72.4452679777
71.6755103779
71.6718852973
77.4419465923
73.184412322
68.4781075907
69.3857023573
70.8349099159
68.4827191639
73.549580617
70.9159248495
67.3027715826
71.8878401971
76.3781341553
72.9430175638
75.1112889338
76.8713642645
75.0715458512
77.4811490273
78.4313515782
66.4291300011
82.2802658367
78.2605958223
68.3297010589
74.6383572817
73.7018576622
77.0077451897
72.4498861361
73.9296886444
72.1209473658
68.1178636742
69.1411093235
71.0456360865
68.2972400498
68.9327207804
73.1132142329
70.0103600883
68.730846498
76.1916437817
73.4785098219
72.89658885
71.2758742332
72.6407700062
76.7881206226
76.2681391573
75.6442847919
74.0670097542
69.4532171631
73.9099595499
72.976344924
71.8321999359
70.5797794962
68.1873749304
79.9487392497
82.2264186072
73.2755571556
69.4201951909
69.6314782381
70.7246244097
77.1277626061
72.1162956238
71.5149774504
78.3968149281
67.5880637217
79.2083025169
73.544259336
70.7624709797
72.5937533236
70.4741030073
75.8898300624
67.5171116447
68.6846247292
70.2067953038
69.2867798924
69.1230993176
68.1083320951
68.5348822689
69.9192695761
70.5362702799
67.3702410221
73.9835705495
81.7076035309
74.0884262037
68.4504324293
67.9637664604
72.9774603701
70.4738464046
67.3387970114
73.264365077
70.6369445634
70.0495645118
62.1787602425
68.1633283973
74.200358119
73.5813370991
66.6859847164
65.24973382
75.3571429825
65.5983306646
72.1304248381
69.6722124124
72.9142240024
69.920870595
77.5732988691
71.6158856583
67.0403660011
75.7589835167
74.0992798376
78.3203177786
72.9194621158
74.6010315156
67.1269248366
75.0650149679
76.2029586983
71.8956593704
84.3837286377
67.9525689244
70.7707371283
70.9438881469
69.8629924202
74.9874848676
69.1898759604
63.6631795263
70.5141436386
77.4330865812
76.8896474075
71.4562850046
70.0679486847
69.9484476757
70.5980465841
74.4880926418
66.0580574131
75.2906350231
67.2569210768
68.2518531179
70.7256840181
72.0415995455
78.6457039499
68.5410012984
69.2115630269
67.2546225643
69.7603821921
71.09240731
64.7652014923
71.4392203951
69.3712785006
72.1052809882
75.3257710648
73.450901525
71.6388119936
71.0354274845
69.5211664677
77.4442997456
70.3139398265
74.6816019964
63.73331213
66.5544264841
71.1909859896
68.2543895292
71.7923653793
65.174852376
71.4319672155
71.284705894
70.8941254306
69.0890187263
70.5714316225
69.6473018312
67.1523157477
73.9391288066
61.0643116426
66.5826704216
72.3229819393
63.8015519738
68.0093573999
76.8154280901
71.9990740681
68.1238783336
66.1480958939
62.432080183
69.3968357706
67.7512098837
67.538712554
70.2594928956
69.844768219
66.936313324
66.2062728024
70.8082793021
68.0696116209
76.2286119318
70.8306558657
71.9350747442
70.5734599733
69.3024217129
65.2536574268
76.0904799986
71.9870633221
71.8569672108
68.7889832401
69.8154992199
66.6490640545
65.9604108429
68.7333165526
64.9907120538
65.8231737351
67.58412673
73.8410103798
67.3752795601
74.5976536179
67.2309021807
70.9566900682
74.4315353155
70.0932228708
66.9618111849
73.5743600893
73.3996226263
74.7970197105
66.0697110271
63.7284028196
75.2889024186
67.8015059209
69.9453847861
68.5793581104
78.8340167046
70.9604908037
68.212959857
71.7160208797
74.567700305
67.4861008501
68.1908897781
71.4579470062
77.0724163866
71.3422562838
70.233325696
74.8028946257
72.9611208916
68.1660553503
69.3205657911
71.654636302
69.1654143858
67.6892316175
65.3837959671
64.8065129519
78.461743679
65.8730921268
63.516461587
65.728602767
72.5692473722
66.6641982841
65.1203934622
66.2474893951
69.5829994774
66.3225913477
74.6745447874
62.0862409353
77.1848621845
69.7030965781
67.4795169115
67.0634655666
65.3648552847
70.976961937
72.7482182407
63.4973343158
64.4369995451
68.4455941772
68.8459404421
72.0620223045
69.4282746363
71.3160385752
68.1260839844
69.6480899835
63.003168807
65.1312782049
65.9938177228
62.6989722824
69.1797110939
68.4674031544
70.3559387922
64.9371776819
66.3143018341
64.6970596528
81.486240015
73.1710550094
70.9730664539
66.0614336348
62.7045725393
66.9336201525
66.3031725407
61.4494648337
63.1746153569
68.6973357916
65.9495186663
66.1976745605
75.9170052576
64.6893186998
66.6314646792
77.901638236
71.325504241
71.4308194327
73.0181999111
61.0361828518
67.9035817051
70.5280886674
67.8489310932
68.6894970274
70.5148209667
66.3798828149
69.3229807711
67.1889695311
72.1909279299
65.1868817854
71.8010895348
71.5830327749
76.0087071896
61.9326135564
69.7025234485
66.2169567776
74.1632555056
70.3968254662
72.5046252966
66.7980113888
68.9746428132
65.1505039191
67.622821207
73.3167020369
67.7176091886
86.2428007269
76.277159133
70.3344307256
67.9322123194
71.1607966161
64.2985981369
72.5965205431
61.5398908806
65.7352927256
68.0289614272
71.0578845644
70.8317157459
68.1987911749
65.3485864329
76.4961167622
66.9124003315
67.827081008
69.5785425186
65.5130507374
67.5119669628
67.4058162165
65.7291466451
68.8021951008
61.1956178141
65.700033741
67.7329338264
69.2652048397
72.4935667276
69.730337851
68.8591271734
66.9490481329
69.7280875421
74.4310125399
70.4627401447
68.8527831078
69.7042297387
69.2176128912
75.0078362942
75.1215903711
80.9718492556
68.8197422695
66.2696653223
68.9017546844
70.315929203
70.4177754831
67.8126187134
76.2573296309
69.3517567492
71.3934028101
72.3471236467
70.8794248104
70.1487730026
72.2404410887
70.7373445153
76.3968255353
72.7752346516
74.0716252089
75.4421670055
65.0711544275
74.7988705301
67.2668380117
61.7796296501
67.9008908129
73.5504095697
68.4421661615
75.9816088629
74.5690957141
68.4134270954
61.0119354534
71.4666620493
65.4551096201
73.2567183733
70.2923350191
70.9433119106
70.7619513559
75.291062541
70.8802384567
67.8207461905
75.6407226467
65.2212352991
71.5813600016
77.4560462332
75.189461894
75.0563580704
67.8359653616
69.5290403605
72.7682808733
66.7356784058
74.0052709532
66.0362458873
71.7805876184
65.042450676
80.4167089891
68.0752142525
72.326112318
70.1026078391
64.6300500965
69.6848145628
66.425578208
73.25560287
67.334411974
71.2600859261
66.122341032
72.4358572578
64.0924757028
67.7389125967
67.039170475
74.1076936245
72.6693029881
78.0583364058
74.7807933235
71.4729090023
76.2534037781
74.4655284643
76.9153360796
72.1171163321
73.2316404295
77.6670707273
76.2435771179
72.5157003021
67.8132570362
65.4000836277
71.3100704098
78.3470368481
74.0195967531
71.43062953
76.6756037807
67.3253326559
73.2684170985
68.7369637632
73.2237173128
74.3733740616
73.2347435379
73.6363825083
65.7696946478
78.5538956547
75.1915886831
68.9589355707
85.2005639172
81.1711808777
85.6611721897
98.4975898886
135.688179808
155.438981276
130.864363151
147.851242771
120.802554235
119.256563659
150.183008938
284.248474655
287.140584373
296.815727634
281.733922386
405.093894119
417.13370327
506.070655327
446.264893227
448.957657242
419.541009369
373.951470032
377.960653992
378.610658035
372.044329033
348.34948967
359.735672073
357.502706413
327.247497272
351.436773224
337.450553188
323.371420879
350.962617149
340.581349373
325.091773529
320.193146362
315.260807838
307.590178928
306.85863245
321.63201664
349.594505081
373.682553177
358.322527199
354.839005127
379.605978966
356.742682228
357.321306114
339.525693169
316.916377335
335.58193264
311.396796837
333.450287704
324.184031677
335.261473923
348.806791115
336.725339355
339.066134377
376.993966408
433.145150414
506.332602043
470.416362877
441.368350105
446.969405823
419.751547089
400.851745377
407.683258362
389.446146774
369.870024948
387.128059769
359.358646317
374.083266869
381.294101143
387.446850204
361.324434319
357.49271122
350.416519165
343.276353645
383.623391724
368.79743721
358.473770714
