0.405664717346
0.28547592435
0.248180346474
0.233394380689
0.215542473912
0.205468963593
0.200513296977
0.191504204769
0.18901369914
0.185344420653
0.184802764095
0.180645116482
0.179849900287
0.172458051961
0.17326646354
0.172302628893
0.168890535884
0.170176917378
0.168614000008
0.165670558218
0.164491707172
0.160901054289
0.161545059867
0.162378184605
0.164008626785
0.162002334408
0.165128937107
0.158613248805
0.157069283511
0.157881351657
0.156693179149
0.154875277996
0.151980359942
0.161382609796
0.154555615395
0.155092413252
0.154668193609
0.154611397889
0.152225862032
0.15131001541
0.152108869396
0.15062627447
0.148849446699
0.151238631684
0.153681634996
0.149179898223
0.148760407638
0.147500486095
0.150023467284
0.150104467941
0.150586557977
0.148688458875
0.150397844929
0.149070707712
0.151373680945
0.150208815783
0.146764935151
0.146597239362
0.149762918279
0.147816750921
0.145188088054
0.14912094141
0.145486431133
0.149690417271
0.147834331602
0.142525487391
0.14126417207
0.138799629357
0.138166372595
0.138045657342
0.135725431751
0.138039140236
0.140242555216
0.138268967044
0.137414650865
0.136276640574
0.135615934879
0.137981826143
0.133580580816
0.133673119035
0.131831477946
0.136316443784
0.137737717984
0.133795093775
0.134708954595
0.137187116168
0.136172513623
0.135969817577
0.131052067196
0.133346300155
0.133470539853
0.135185187489
0.134742642928
0.132061046852
0.136576360328
0.136198079199
0.133231670769
0.133078613734
0.134211980898
0.134198419724
0.134099788141
0.13739523636
0.137152903076
0.131486186454
0.138943729792
0.132318666885
0.133757421626
0.132003345255
0.129011736097
0.133968366493
0.13139487743
0.135315915976
0.133292436998
0.132982143885
0.132864513393
0.133330106219
0.132991284506
0.136420574244
0.135024034236
0.135876323093
0.132207650624
0.132128470497
0.133027785568
0.13177418809
0.132964021156
0.137062423354
0.132393548742
0.131188603586
0.132098460892
0.134769437417
0.131257042721
0.131060578788
0.132358767342
0.134643330377
0.130897275336
0.130621867949
0.13443629938
0.130570698705
0.130674570251
0.1322160252
0.13295755695
0.133522788119
0.133826032061
0.134653469196
0.133394328548
0.134151838716
0.129458979052
0.129795258131
0.130429017505
0.133597477147
0.129243874993
0.129197634224
0.132036631741
0.133275818652
0.131453759942
0.130508579729
0.130914924987
0.131003004244
0.129954682641
0.127470602104
0.131139878366
0.132127880361
0.127413327202
0.131110052256
0.134191905551
0.129372459901
0.130996966874
0.131401064277
0.131774658654
0.129402303195
0.130479478465
0.128234337555
0.133494994335
0.129466112722
0.128166590951
0.128734141828
0.131246778548
0.130358057883
0.133487531452
0.129896121904
0.132043368205
0.129954080136
0.130508756168
0.132482472457
0.13118289371
0.130825815147
0.130053454425
0.131755679332
0.128889002047
0.131225547126
0.127679095082
0.132390222099
0.128505517587
0.132977012221
0.130576798782
0.131379494689
0.127997080319
0.132287327301
0.130334983768
0.128877023503
0.127239209035
0.129214228723
0.128707270846
0.130485708671
0.13195620928
0.13084645634
0.130912113015
0.129737283492
0.132068215676
0.131049066991
0.132463784846
0.128666933218
0.131372243568
0.129477376265
0.127513603963
0.127362173256
0.131761669464
0.128989332097
0.131414828796
0.129710157322
0.131995649621
0.131147634907
0.130204514958
0.127993119974
0.130305714268
0.126704006054
0.129707276193
0.129967405986
0.130321893124
0.127813300427
0.129433139427
0.128585613135
0.127514600385
0.129934155844
0.131127744261
0.127679432673
0.131205660665
0.12992759469
0.127937266646
0.128335760372
0.129967022536
0.130288286546
0.131271434071
0.131253783835
0.126786659531
0.127685419627
0.125666759964
0.128526807744
0.127448939137
0.128451312378
0.127732340828
0.131227910154
0.131562897801
0.132027995821
0.129838055851
0.129406512313
0.12809074403
0.133010448365
0.128166354474
0.131215997521
0.130421710696
0.126127440384
0.128638326829
0.131128107538
0.13188562819
0.127591726713
0.129859588223
0.129596324481
0.129736649515
0.128860232258
0.130190518392
0.129000942944
0.129457946654
0.128147208804
0.12519120948
0.128429279225
0.129662737485
0.12799844148
0.129830078151
0.129368261397
0.124364376236
0.125436987128
0.127966470802
0.12492619244
0.128830490034
0.128942551648
0.129759566149
0.129133671395
0.129499736391
0.130260454994
0.130709911752
0.128828648062
0.129458020328
0.128000188513
0.126157354021
0.128381576544
0.129836819304
0.124680126173
0.124326484594
0.129144569044
