0.8156875
0.881015625
0.897640625
0.90534375
0.912359375
0.918140625
0.91990625
0.924046875
0.925640625
0.92640625
0.926703125
0.928828125
0.928421875
0.93190625
0.9319375
0.932328125
0.93628125
0.934078125
0.9346875
0.93559375
0.9353125
0.937828125
0.937609375
0.93675
0.93675
0.93709375
0.935234375
0.938953125
0.939859375
0.93775
0.93978125
0.941140625
0.94134375
0.93725
0.939234375
0.94025
0.939796875
0.940625
0.9411875
0.9420625
0.9419375
0.94096875
0.94278125
0.942828125
0.9405625
0.941546875
0.942921875
0.94396875
0.94225
0.942671875
0.9418125
0.9430625
0.942046875
0.94384375
0.941109375
0.941484375
0.943671875
0.94353125
0.942359375
0.943375
0.944828125
0.94315625
0.944
0.942375
0.94303125
0.946765625
0.94475
0.94725
0.94565625
0.947
0.948453125
0.947578125
0.946796875
0.946515625
0.94809375
0.948015625
0.948875
0.947171875
0.948515625
0.9485
0.949921875
0.9475625
0.94715625
0.949203125
0.947953125
0.94821875
0.948
0.948421875
0.949765625
0.94859375
0.949078125
0.948125
0.949
0.950265625
0.9479375
0.94803125
0.94875
0.948296875
0.9483125
0.94896875
0.9494375
0.947921875
0.94821875
0.949578125
0.947546875
0.949734375
0.949171875
0.94903125
0.9505625
0.9478125
0.9495625
0.94803125
0.949265625
0.94978125
0.948703125
0.94875
0.948875
0.947640625
0.94765625
0.947296875
0.949890625
0.9491875
0.94978125
0.949734375
0.9494375
0.948515625
0.950359375
0.949796875
0.94990625
0.948671875
0.94890625
0.950734375
0.948984375
0.948859375
0.950578125
0.94996875
0.94821875
0.95009375
0.948671875
0.94903125
0.94903125
0.948984375
0.948171875
0.94703125
0.94921875
0.948921875
0.950125
0.95053125
0.9498125
0.948609375
0.950375
0.950703125
0.949234375
0.949125
0.949765625
0.950140625
0.949953125
0.949765625
0.950953125
0.951140625
0.95003125
0.9489375
0.950953125
0.950296875
0.948203125
0.95
0.9499375
0.949875
0.949484375
0.95065625
0.950484375
0.950765625
0.94975
0.950421875
0.950078125
0.951375
0.949890625
0.949203125
0.948546875
0.950953125
0.95034375
0.950140625
0.95028125
0.949203125
0.949875
0.95015625
0.950203125
0.9491875
0.950703125
0.9505625
0.95140625
0.949171875
0.95115625
0.94946875
0.949296875
0.94959375
0.950875
0.950109375
0.95003125
0.950390625
0.9515625
0.95059375
0.95028125
0.951078125
0.950203125
0.9495
0.950765625
0.950875
0.94975
0.95015625
0.94903125
0.951046875
0.949546875
0.950234375
0.952390625
0.952140625
0.950078125
0.95040625
0.9500625
0.950171875
0.949015625
0.95065625
0.95025
0.95171875
0.9489375
0.952
0.95028125
0.950109375
0.95065625
0.951453125
0.950703125
0.950265625
0.951640625
0.949546875
0.949046875
0.951734375
0.949890625
0.950109375
0.95059375
0.951328125
0.950734375
0.950515625
0.9495625
0.949984375
0.952125
0.951015625
0.95234375
0.950953125
0.951296875
0.950375
0.951390625
0.95034375
0.95071875
0.949109375
0.95075
0.950546875
0.9505625
0.94959375
0.951015625
0.94996875
0.94890625
0.95203125
0.9516875
0.9503125
0.948875
0.952375
0.950125
0.950703125
0.949125
0.950453125
0.95021875
0.9498125
0.950546875
0.951390625
0.952421875
0.95109375
0.94996875
0.951203125
0.9500625
0.9506875
0.952359375
0.952359375
0.951015625
0.95221875
0.950921875
0.95140625
0.949765625
0.9513125
0.95034375
0.950265625
0.950015625
0.951515625
0.950953125
0.951140625
0.951828125
0.950734375
0.95090625
0.952078125
0.951828125
0.95096875
