0.76775
0.86078125
0.8814375
0.889390625
0.90046875
0.902703125
0.90728125
0.910640625
0.914515625
0.914421875
0.91696875
0.91934375
0.923171875
0.92253125
0.924375
0.92565625
0.92390625
0.923875
0.9265625
0.926578125
0.925828125
0.930296875
0.929046875
0.930625
0.929390625
0.9309375
0.93125
0.932140625
0.93309375
0.934078125
0.932046875
0.9311875
0.933015625
0.93465625
0.932921875
0.93440625
0.934359375
0.934453125
0.9328125
0.934515625
0.93559375
0.93209375
0.932140625
0.93615625
0.933671875
0.936765625
0.937765625
0.938859375
0.937921875
0.938609375
0.937765625
0.93940625
0.938359375
0.937703125
0.938515625
0.93815625
0.93790625
0.93846875
0.93921875
0.94021875
0.939546875
0.93903125
0.93975
0.94028125
0.938703125
0.938734375
0.940234375
0.939265625
0.9421875
0.939953125
0.938875
0.939671875
0.93965625
0.940546875
0.9418125
0.941421875
0.940890625
0.940390625
0.940078125
0.940109375
0.939859375
0.937640625
0.940390625
0.93975
0.941328125
0.9403125
0.94034375
0.940921875
0.941078125
0.941984375
0.941203125
0.93871875
0.93971875
0.940609375
0.9420625
0.94225
0.9405625
0.939421875
0.94246875
0.940484375
0.940703125
0.942140625
0.9410625
0.9435
0.94134375
0.9400625
0.940359375
0.94346875
0.945109375
0.9413125
0.942515625
0.9405625
0.943203125
0.941703125
0.9403125
0.942390625
0.942015625
0.943
0.943015625
0.94096875
0.941671875
0.9415625
0.94134375
0.940953125
0.94140625
0.941546875
0.940953125
0.94184375
0.9421875
0.94103125
0.943515625
0.941546875
0.9428125
0.942609375
0.942546875
0.941984375
0.94065625
0.940984375
0.942015625
0.9435
0.943015625
0.9424375
0.943046875
0.94209375
0.94196875
0.942
0.941296875
0.942609375
0.941921875
0.943328125
0.94096875
0.943515625
0.943828125
0.94184375
0.943734375
0.94296875
0.941078125
0.940890625
0.939796875
0.941984375
0.943078125
0.941171875
0.940828125
0.94371875
0.94246875
0.941703125
0.942734375
0.94228125
0.942015625
0.9434375
0.942796875
0.94253125
0.94346875
0.94271875
0.941484375
0.94246875
0.943359375
0.94375
0.9414375
0.941390625
0.94209375
0.943125
0.942890625
0.943375
0.941703125
0.942375
0.941671875
0.944296875
0.942921875
0.94353125
0.94221875
0.94175
0.94321875
0.9439375
0.942375
0.94196875
0.94378125
0.942125
0.94275
0.941984375
0.94253125
0.942578125
0.9426875
0.9433125
0.942515625
0.943234375
0.94265625
0.943
0.940765625
0.941515625
0.943421875
0.943421875
0.94359375
0.94265625
0.942890625
0.9425625
0.944234375
0.943265625
0.942296875
0.944
0.943703125
0.943640625
0.941890625
0.944109375
0.941125
0.942796875
0.942390625
0.9448125
0.942828125
0.942375
0.94384375
0.94365625
0.944609375
0.94290625
0.941921875
0.944390625
0.9425
0.9418125
0.9429375
0.944125
0.9434375
0.94265625
0.9428125
0.9433125
0.94296875
0.943
0.942359375
0.941890625
0.943046875
0.943046875
0.943359375
0.94115625
0.9423125
0.943453125
0.94175
0.943453125
0.944234375
0.94428125
0.943421875
0.9438125
0.942984375
0.94309375
0.942734375
0.94378125
0.942625
0.942796875
0.94259375
0.942109375
0.9441875
0.94303125
0.94196875
0.941921875
0.943515625
0.9428125
0.9438125
0.9439375
0.94346875
0.943890625
0.94225
0.942484375
0.9435
0.94246875
0.94225
0.94365625
0.94353125
0.94296875
0.94440625
0.943140625
0.942265625
0.94234375
0.942359375
0.943609375
0.9425
0.942609375
0.94259375
0.943875
0.94415625
0.944828125
0.943171875
0.94284375
