0.492583108678
0.336843049809
0.292050541155
0.272103478901
0.249925801411
0.238778522588
0.231799649872
0.221531205542
0.216566516563
0.213974873394
0.207103391215
0.20300806893
0.196147976518
0.196120306998
0.192155309111
0.190708600845
0.19100655945
0.190779850882
0.187582091991
0.185203728296
0.188071342576
0.182766070314
0.181196590994
0.178913187902
0.180171864264
0.177183267731
0.176545463629
0.176038050443
0.176527695809
0.169319341607
0.173973398589
0.175810892526
0.171733086634
0.168965724032
0.172724117942
0.170000165146
0.168434231639
0.168291895058
0.172652473845
0.169661975604
0.168393598832
0.172944819737
0.173623234268
0.169763062559
0.172113074426
0.163476573739
0.160640125621
0.159035596095
0.161916515097
0.158830617681
0.161075708594
0.15523647471
0.160521741319
0.158338582065
0.15760127645
0.160243375838
0.161676122747
0.159665512122
0.157068700725
0.154619311899
0.157224300653
0.155856576435
0.156128889743
0.1542640619
0.157631529305
0.156622366603
0.154826659286
0.155568632176
0.151239582714
0.155184203513
0.156879793573
0.156519395569
0.154015659377
0.153312293075
0.152135184485
0.154448509667
0.154018571403
0.155400461312
0.151913606655
0.153432934459
0.155876858819
0.159327229194
0.153491722677
0.153061919443
0.152080888173
0.153115144705
0.156968708079
0.152547248052
0.151416205987
0.1507086707
0.153186482344
0.156087579338
0.154503095057
0.152911694672
0.150258668827
0.151075517923
0.153772669815
0.154793517433
0.151027791163
0.152099292178
0.153545383913
0.148961238667
0.150966954369
0.147647142025
0.151426582847
0.153500278488
0.152322342563
0.147354486575
0.145341308869
0.151784200657
0.148584429409
0.15073792509
0.148905089185
0.150860647345
0.152046558015
0.148756729681
0.151633276941
0.149042853225
0.14927124761
0.150943798708
0.149073913414
0.151156229164
0.152583683377
0.147784637585
0.151058825918
0.150541542728
0.15206040287
0.151113945026
0.150195005421
0.151440907551
0.14627397212
0.151868474429
0.15102721791
0.149710092414
0.152072665881
0.150961774562
0.152455952024
0.152040105516
0.14966710951
0.145653292112
0.147128404722
0.149736721352
0.147349434095
0.151072725339
0.151044388557
0.149470692415
0.150897760347
0.150879477214
0.148601554072
0.147794743158
0.152168553911
0.14750085834
0.14695496574
0.150145772418
0.145804052509
0.149353843315
0.151949880794
0.151241594102
0.155488643587
0.148157899071
0.147822684309
0.15186965587
0.151310128419
0.14805524181
0.149484019516
0.151138942489
0.147590105493
0.149868641682
0.152327269137
0.147672016967
0.149922877556
0.149180966996
0.14868313764
0.149355804631
0.151803802557
0.149114344176
0.147485008463
0.1464226286
0.149963985138
0.149946298216
0.148340182727
0.14876446311
0.148532495908
0.145838672506
0.14943967912
0.146418089909
0.150487577528
0.148505813012
0.146462463217
0.149529643706
0.149956449222
0.150284202013
0.147508075134
0.144929157544
0.15030177675
0.150387419112
0.145159166522
0.148590068271
0.147370320316
0.151884249162
0.149840515109
0.148159215949
0.148449904785
0.146209699217
0.149744860411
0.144136425232
0.14936290874
0.148422772642
0.152247138944
0.150100165837
0.146357340707
0.148618124759
0.146598383579
0.149323783316
0.148006072043
0.149694761746
0.145208475582
0.14665313697
0.148731099123
0.14811534537
0.148702675775
0.144061145321
0.149547694614
0.147113908876
0.150788101504
0.149175041283
0.147859334141
0.145889715729
0.147732178818
0.149579650611
0.147107203988
0.146320121899
0.14656364643
0.146897186659
0.148780236786
0.146704962648
0.147830391841
0.148942924567
0.152087891294
0.147832910042
0.145443911962
0.151240773048
0.147907411676
0.146821714548
0.147591169104
0.146774089528
0.147991906673
0.150243098013
0.146606096691
0.148285739854
0.147828970386
0.151386829382
0.148057768229
0.146162400426
0.150430589056
0.148490792075
0.144784733281
0.146088619547
0.146405213658
0.146102292495
0.149796834279
0.146183010377
0.148842082478
0.147790494196
0.147864698667
0.149693782147
0.146060925787
0.148607362656
0.14724139536
0.146990343625
0.148652993988
0.149284906968
0.14608328413
0.147670887239
0.146894882584
0.14647330237
0.146799619948
0.146380326459
0.148429832436
0.149016139388
0.146887808291
0.14905672143
0.151077011202
0.146809958329
0.147869284283
0.148356547706
0.146174126631
0.146718380194
0.147302477553
0.147541442897
0.146745197114
0.14712793141
0.148925793171
0.146811559815
0.149760891039
0.147496039215
0.145856736312
0.145413433019
0.148248048844
0.147406369489
