2.0800599733
1.43107705504
1.43214929163
1.40366790324
1.37434889495
1.36693068802
1.38615038142
1.40291056246
1.38591904223
1.37423913211
1.3592008841
1.34544719905
1.32504481494
1.30233271807
1.27639053553
1.25704323947
1.24904097557
1.24519043639
1.21586295724
1.19904330879
1.19155649483
1.18431380883
1.1735495019
1.15269386455
1.14919529751
1.12537806287
1.11710354015
1.108687841
1.09436426848
1.09623218074
1.0777741769
1.07389087543
1.06979816213
1.06114529267
1.04541254058
1.04672089547
1.04010635182
1.02874208316
1.00767426193
1.01549631372
0.996633647829
0.996808598787
1.00398448512
0.98964760825
0.976425473839
0.970373160392
0.972180404365
0.97170639202
0.955826205313
0.951416926235
0.950512271821
0.948642181009
0.93677025795
0.939055632353
0.94690798685
0.945760384798
0.92903696686
0.925725232214
0.925462975651
0.918167351037
0.913542140722
0.917161019295
0.91357361272
0.910847647339
0.900181704313
0.90529547438
0.912868243456
0.89910092026
0.904734213799
0.8940142937
0.897832728475
0.890473484546
0.896220898628
0.893676061481
0.884484679848
0.877933247387
0.888755957782
0.877747505531
0.873409878314
0.878446062058
0.874933940619
0.886958716512
0.876728900969
0.86172571823
0.86565646857
0.879694601893
0.872942931354
0.87060448423
0.856601487696
0.866479603946
0.861245359331
0.871860829592
0.864238172919
0.864169814885
0.861089217067
0.857609149963
0.86105116263
0.8646951437
0.846846599057
0.855587865263
0.84029429242
0.844891360253
0.842773776203
0.840111538023
0.844104233086
0.857110450119
0.844733951539
0.846860265881
0.848075041324
0.84278183952
0.831542056203
0.847001759261
0.837972211689
0.834612861425
0.832501056939
0.838352039009
0.839176529348
0.834243981689
0.841532044262
0.822273351997
0.824347251356
0.832311749384
0.824546235204
0.832308274657
0.828329161406
0.829447872788
0.824934811592
0.815350608826
0.824585370421
0.831346235275
0.82785040915
0.815473173559
0.838836325258
0.824637043774
0.829804784805
0.823614473045
0.818660151511
0.820106430054
0.819459522367
0.825273102522
0.816513803899
0.824663434327
0.820109550804
0.809677334875
0.812822098583
0.818570090234
0.82043271631
0.802002234757
0.814425382018
0.807857542932
0.816514783949
0.813750369921
0.815025666505
0.819458486438
0.809743849486
0.825649400204
0.806575417519
0.809044305384
0.802783599645
0.80951295495
0.820399260223
0.811718894616
0.818198368698
0.807692963183
0.808001129627
0.805426900089
0.810634195507
0.801279613078
0.797594854236
0.790293760598
0.80858879894
0.799132537097
0.811323572397
0.806122889817
0.792373328358
0.796920865476
0.805208347887
0.796262719706
0.794381575286
0.797261233032
0.800287462026
0.789681532308
0.792478915825
0.795127485394
0.795851523429
0.788198860139
0.799100867212
0.79905264765
0.791801084504
0.794667566717
0.786442013681
0.784975052774
0.788622538596
0.786285057366
0.790666496158
0.788636921942
0.778201725781
0.78369444102
0.786449632198
0.786125114262
0.783528332412
0.782454752624
0.785790359601
0.793850894719
0.789628964961
0.777481443882
0.77974943772
0.787309982628
0.787433547378
0.778796410635
0.800934142843
0.789450788498
0.777652897388
0.774682095051
0.780502443388
0.776670315713
0.784948778898
0.787143579274
0.784696018845
0.780712988973
0.780225757658
0.790131012797
0.788457569182
0.78401910305
0.771311741173
0.78478487663
0.774173686802
0.782950096652
0.795180004761
0.784633696377
0.779619400501
0.789981815219
0.77627367042
0.769601827636
0.780264147371
0.772814569026
0.767640747428
0.784031178206
0.780645760894
0.779998138919
0.77080073148
0.779795365334
0.780674606711
0.788405295759
0.780658406466
0.786230291873
0.775605257526
0.77524457112
0.792374509126
0.782255043536
0.778402385861
0.777305327356
0.773511376306
0.772418606356
0.770193016231
0.776648543179
0.759907720089
0.766817741469
0.77567624718
0.768699145913
0.778533013165
0.777591262609
0.774299810827
0.774651392698
0.77507319957
0.772999042496
0.761179566011
0.768468287438
0.773300899565
0.774260597229
0.755165358931
0.767625685483
0.764851493984
0.754379623234
0.763424922228
0.7710087917
0.757309157699
0.754673536122
0.764479776174
0.759818512499
0.766441487968
0.761818341985
0.758610664308
0.755975274667
0.773045871183
0.76571641691
0.766606103852
0.756447986439
0.761727799848
0.764466526359
0.767893889546
0.756532369182
0.757938731015
0.756992643923
0.760936834216
0.767484932095
0.767548804581
0.766542807147
0.769751812071
0.758355937451
0.759051459879
0.75634819895
0.759534248263
0.765748049319
0.75944703415
0.763713356256
0.758798318952
0.764780550897
0.785303132385
0.771417832226
0.7654298307
0.759976522177
0.760618894473
0.769019857794
0.769226966798
0.757522283643
0.762503210381
0.763437873051
0.763093001917
0.762016085461
0.76330823645
0.781158326566
0.774524705559
0.754586882442
0.751694633886
0.757853134945
0.774650146812
0.77939456664
0.764524704218
0.761827940196
0.763549079001
0.762121860459
0.756433428526
0.751895215809
0.755724171847
0.761940145269
0.754279748574
0.768863420039
0.760795593858
0.743754864335
0.772030197978
0.759496541321
0.747788975462
0.768724474385
0.757718772888
0.758077313825
0.751397648007
0.750721178204
0.761997394785
0.759501055107
0.746692589074
0.757235459685
0.744468841404
0.760357205644
0.750292847604
0.761924680248
0.751731169671
0.751987398714
0.746947355345
0.747265915796
0.742973279357
0.747457230315
0.746447313204
0.760617631972
0.760741516352
0.756829980686
0.752570979521
0.765386467353
0.757661939412
0.757841042206
0.755313820243
0.749265445694
0.746517889053
0.755824473426
0.746728807911
0.752204933837
0.75124269098
0.74210377045
0.743660000265
0.752063272297
0.747501322478
0.749727564752
0.748233777881
0.760072182044
0.75251704976
0.751759654582
0.747471396551
0.754186888039
0.745270470902
0.746770007312
0.748402102888
0.740379444361
0.747699041888
0.740877296403
0.741891539544
0.745173712522
0.737695295438
0.735261972174
0.742701868862
0.753057131916
0.735396524668
0.73883957088
0.73794964321
0.740288602859
0.737590972409
0.735362125784
0.739888058677
0.744208880812
0.750981530994
0.741215396449
0.759996439964
0.744495052993
0.736818516254
0.741346024275
0.748114247248
0.737933757007
0.750952251777
0.745236860961
0.752938926518
0.758761544675
0.749599509239
0.746487365514
0.750722233281
0.748746911958
0.74216053687
0.740907501206
0.747630532309
0.748023450524
0.750166866183
0.760639802366
0.765689875856
0.765806219429
0.746944199353
0.73482171759
0.739771731794
0.746930275857
0.735034941658
0.75155307509
0.745197909623
0.745583310872
0.736393840462
0.736709561646
0.734367699772
0.745921742097
0.747122609913
0.740307182074
0.760996187031
0.739504968897
0.755478557199
0.738199890703
0.742234577313
0.74301675342
0.747126499563
0.74666166693
0.749186690077
0.745708252341
0.750868707448
0.739213548228
0.734803789854
0.742870456651
0.739537451342
0.734827828258
0.742891778946
0.73084841162
0.73051993534
0.745052969828
0.741364648938
0.73570467703
0.749662310854
0.73271286957
0.742386970595
0.751587579623
0.736393063292
0.745272037163
0.750201962888
0.74081588611
0.734962077886
0.731885881945
0.737637622207
0.749617583007
0.749653153345
0.757351665348
0.753847061619
0.756592548043
0.761110875383
0.75693483755
0.733637920022
0.734204794541
0.728927041814
0.740881210268
0.731710850596
0.74419130899
0.726531220526
0.728596770689
0.728657940179
0.726752221063
0.734117010459
0.738589725792
0.737753112614
0.736773118451
0.740038032755
0.728190393299
0.736351112574
0.729789605662
0.721520998254
0.749975470006
0.732491095513
0.727187455967
0.733439054117
0.733978396058
0.721441289783
0.736311216354
0.746570958197
0.731561791301
0.727564648166
0.734305811077
0.738522891924
0.729133023322
0.735895249471
0.727054682076
0.727453675121
0.724929431528
0.722418659255
0.733046392128
0.729439986646
0.724337993488
0.735930453911
0.737262128964
0.736773952767
0.730681509972
0.728478669599
0.733858952895
0.732873243243
0.729268557802
0.722473074645
0.734119375795
0.735873763859
0.720723421201
0.733217194304
0.727625991702
0.731703487262
0.73376909703
0.731059881449
0.735643472001
0.739708557427
0.73412021108
0.733397392333
0.740360332429
0.73591375038
0.729372342452
0.73042889446
0.733922915012
0.722928237244
0.733248883709
0.723333699033
0.726479152516
0.739650009722
0.729004836231
0.731599594206
0.729522014409
0.733444851562
0.718143384755
0.719524464607
0.741207705885
0.726374480128
0.727313557789
0.731214658692
0.741600440145
0.741535473391
0.745086953342
0.735209498107
0.724203880876
0.728452284485
0.726927868575
0.719254456386
0.726333490834
0.727209820524
0.743167616054
0.74138454318
0.735632446036
0.736100761592
0.727160155848
0.719292498976
0.741375320405
0.733423349336
0.71781992957
0.729787749872
0.722079575062
0.73386494644
0.724024712965
0.725702827275
0.733935801908
0.728232434839
0.735207823366
0.725400848463
0.737351025492
0.734929356202
0.72948426947
0.748674524426
0.734860745072
0.724411749393
0.720914092585
0.735455168784
0.743823503181
0.739340531975
0.723312052786
0.723183422312
0.740564338043
0.736315055937
0.719290269464
0.722456695959
0.728136931136
0.717217764184
0.727402446494
0.729364507422
0.729112711251
0.723093018308
0.720266028196
0.7192593465
0.714563094527
0.716347280517
0.732725101337
0.720417751968
0.723946534619
0.73296094507
0.725960974544
0.729431190491
0.729595634714
0.726924206167
0.721297614798
0.718273180649
0.716812179834
0.719174424112
0.725413577184
0.723991747946
0.732499499172
0.717989799306
0.728902698904
0.726696799621
0.72420715712
0.727157185525
0.717220676765
0.727314911187
0.717567400038
0.732863247767
0.726604437158
0.714944664538
0.728311181962
0.727150046825
0.723095440492
0.712850708291
0.7250863076
0.730149071589
0.724693991318
0.728085423857
0.748254609033
0.736059744805
0.739681119621
0.727775064483
0.718819836006
0.726831861883
0.720444794148
0.730626527518
0.728566650823
0.717614661977
0.723106731623
0.718169401437
0.729036090374
0.718266637549
0.712362229973
0.713690537363
0.728268697262
0.719403220192
0.714963803217
0.734142206535
0.735158874914
0.71705409795
0.718107206523
0.725951768234
0.727950695902
0.708460699916
0.724493799806
0.711265851036
0.721260801032
0.712787659019
0.712752173841
0.722059759572
0.723887702003
0.710761287585
0.713009061962
0.722168050259
0.721916447207
0.7091222848
0.7161853946
0.714312375113
0.712482530549
0.716915576383
0.722706340924
0.713145613
0.712124064267
0.722708773762
0.721835914031
0.716691507623
0.721746453494
0.722928106636
0.72225000672
0.715661694482
0.723417360336
0.721746823043
0.713683313653
0.717095146328
0.714701593146
0.713514833525
0.713136072457
0.717955511808
0.702059898078
0.716973567978
0.716985491067
0.711306152195
0.718588302061
0.712028290182
0.711925282627
0.705378242359
0.706363821775
0.717661393285
0.730247974545
0.71524068512
0.718055845276
0.707518667206
0.702361126915
0.717704783231
0.713364717439
0.718150838912
0.709283753633
0.715521303415
0.703924882039
0.715923616439
0.720184983686
0.723789971918
0.7177083534
0.71573558867
0.742850554734
0.729101231769
0.730602969602
0.727619895786
0.707105998173
0.711400201917
0.72003697902
0.71482979387
0.715539216697
0.711308109239
0.719326910377
0.71808715485
0.700505798087
0.710271340087
0.712142230347
0.714203922227
0.711298613995
0.708842142597
0.710096834973
0.707459818199
0.710705662221
0.712224528417
0.712597050145
0.706158109531
0.709380162358
0.720323599204
0.70943766363
0.720260667577
0.718741339147
0.717795171738
0.710580236167
0.714358861074
0.709640838057
0.710461964011
0.719948410466
0.721889725178
0.718893803284
0.738047339171
0.72630892314
0.710832324177
0.720616373941
0.716275502369
0.718793905079
0.722392883897
0.719169673547
0.715515396073
0.716249752343
0.724593046531
0.712505397946
0.706965710744
0.715906991884
0.706219704524
0.721848359704
0.705205098167
0.712941528112
0.720282969624
0.715641247034
0.70691089429
0.718353117034
0.704059019759
0.715722580627
0.709784197509
0.715847642869
0.718914357424
0.721901078299
0.717330804467
0.714726601467
0.728325136527
0.711262046993
0.715687715039
0.718037641719
0.706179975793
0.70993826963
0.711467595473
0.702501327619
0.708980088234
0.699487156719
0.707034652084
0.703354050145
0.713587635532
0.722764204144
0.713182938173
0.710065812767
0.708010319918
0.711697178409
0.709585993439
0.717028689906
0.712807370871
0.701237980723
0.69824344188
0.716967076212
0.721885776073
0.719014203697
0.714726655185
0.719741388783
0.714384175614
0.723773942515
0.700422604457
0.717696525082
0.709076277763
0.705612067878
0.706641095653
0.706022802666
0.707951835468
0.710464652032
0.717750577107
0.708535760194
0.713445682377
0.700773761943
0.70957586877
0.697233086824
0.708083143309
0.710383450612
0.698601797149
0.704049937651
0.710122155175
0.711151761189
0.714237117171
0.709792034552
0.725074490234
0.716432687268
0.721567839533
0.709255783111
0.711117413118
0.738254901245
0.719396679401
0.720514874831
0.723466584608
0.710838109255
0.705600393116
0.713453932479
0.708827589303
0.696874943078
0.723318300322
0.717123081237
0.725571217835
0.71338024199
0.729876936376
0.717957048416
0.71319391422
0.708697496727
0.707101334184
0.713836721182
0.713375137821
0.712745620385
0.715155861452
0.711673673913
0.715102324188
0.725537878349
0.714119697958
0.710756072626
0.707149152383
0.710972975418
0.714001596868
0.714784903303
0.708735816404
0.713231706247
0.69704015702
0.710520962849
0.710878295079
0.712464026734
0.713901058137
0.731854032129
0.720010409951
0.709065844342
0.70836919792
0.70326084286
0.709594397545
0.716128330752
0.701088454276
0.711942092106
0.705941853672
0.707867671028
0.725297700018
0.711366334558
0.713552011549
0.705751908049
0.707266684771
0.720170831084
0.71992680721
0.720511256158
0.71072351113
0.715520696267
0.716444827169
0.711872637197
0.711499306038
0.731707749367
0.715714767575
0.705996211395
0.698244793415
0.709641230628
0.702692661807
0.714230385199
0.708383423239
0.710422037691
0.716787041575
0.709369805083
0.698324284703
0.700141152069
0.712106949985
0.70021480903
0.699681503028
0.706608019322
0.711473165601
0.704768631309
0.708425514176
0.709864658415
0.720253424123
0.716046481282
0.712609518766
0.708559310213
0.716644147038
0.705177151486
0.710399295166
0.705845569298
0.711784422249
0.724640360549
0.716201430932
0.725928707346
0.720891557187
0.726020812988
0.712727595493
0.714343717694
0.712823056355
0.721553602368
0.732633419111
0.709333082363
0.707131451443
0.715257778317
0.711317739785
0.710372843519
0.71291602768
0.736801712364
0.732454604581
0.71872891143
0.729193774536
0.735667317808
0.710601484478
0.706127772406
0.711542923525
0.76556996204
0.762284097299
0.736160063818
0.732819726318
0.720909904465
0.733954492509
0.72008904703
0.721079202592
0.733480647504
0.717250169739
0.736049719304
0.734015970603
0.751691836491
0.76533984378
0.739890690818
0.735385066569
0.727643535957
0.723656189665
0.724903967083
