0.585304723382
0.42202737619
0.359764334112
0.327613195643
0.309349500343
0.297361049891
0.284324206665
0.275817065589
0.271517117031
0.265327846281
0.255575159147
0.2505874037
0.250070262939
0.244617761083
0.242754858583
0.235074699663
0.235627112716
0.233067393184
0.236179399624
0.227208779454
0.226439426668
0.223870060727
0.223123444796
0.221052789755
0.221435138315
0.22232049793
0.216873684481
0.219145667374
0.213761827927
0.215780789323
0.213067800641
0.212130434088
0.209048172072
0.207165470861
0.209378548656
0.205205452576
0.208391827904
0.209046950206
0.209051893771
0.210191497974
0.204888149545
0.201587809801
0.202092851989
0.198636495337
0.202334573306
0.20276087106
0.197190166894
0.197589429464
0.200018757947
0.197025960557
0.197331992894
0.19923138956
0.196507332131
0.200797886036
0.198513432253
0.198416554917
0.195467334878
0.199329118364
0.196751179226
0.201613149941
0.196984224476
0.196703126337
0.197857699305
0.196394485101
0.195791310526
0.199262100786
0.194804544456
0.196785173126
0.193862608153
0.198620195098
0.193800160006
0.194376394667
0.192964343071
0.195899957757
0.195676952295
0.193309268326
0.195964410421
0.193063656986
0.195289529283
0.198452927709
0.194376532275
0.192223845556
0.190272455215
0.195809555329
0.196658191904
0.195862964734
0.189804681815
0.195946248479
0.196570225537
0.19310244593
0.19299697721
0.194287810519
0.195355002038
0.194498468213
0.195120345969
0.190520593464
0.190230117571
0.192506337401
0.194802983291
0.19366308713
0.193276378222
0.192533187285
0.195866182741
0.191501877118
0.189888458554
0.189037932586
0.187533336893
0.189250305593
0.191077338401
0.192876051314
0.191939848095
0.194671870124
0.191677555826
0.190203815181
0.19213613753
0.191985921644
0.189548625723
0.192592746306
0.191710295912
0.190346108388
0.193249651186
0.191892850861
0.192382495452
0.189246753559
0.190170721423
0.189218308095
0.190998064131
0.191251522336
0.188890756868
0.190325696867
0.191704885807
0.188209119976
0.192631105732
0.189438963555
0.191850022919
0.189700820889
0.190855655476
0.191072123565
0.19124318203
0.189635324299
0.19195901981
0.193692550987
0.191255800728
0.192970566507
0.190977814224
0.193662708059
0.188210852582
0.190865338322
0.193142790746
0.191381895036
0.192498548396
0.191349886268
0.188749983408
0.192409861993
0.192068447482
0.191687118065
0.189531470768
0.192947371535
0.189401702218
0.185233469576
0.191748213097
0.189702197406
0.18990312174
0.190473650038
0.191861688204
0.187349733669
0.19274860657
0.192599811148
0.18990610595
0.190779014036
0.190740971915
0.194032388318
0.187671652347
0.186720119257
0.191817077458
0.189370149367
0.189042996384
0.192885547526
0.193015014898
0.187957429573
0.190919418909
0.189783284713
0.187505783565
0.190238317583
0.189791723683
0.190220895641
0.190791379437
0.188952958252
0.188511719339
0.184943825591
0.190332442936
0.19127438917
0.188193322018
0.192309411727
0.189779224448
0.191325168312
0.187414864946
0.187837673172
0.186391850218
0.188432937309
0.190741627682
0.184931530479
0.190356639743
0.189487124585
0.186825885229
0.18699736508
0.193617256932
0.191257336907
0.191425031584
0.186576426577
0.190966771256
0.188918612931
0.189494394999
0.193795494448
0.189408278935
0.188139278561
0.186499295641
0.190627511177
0.190732735895
0.187729954988
0.189329559378
0.188492650349
0.190308737669
0.191726296127
0.189868824013
0.187042755701
0.188891211737
0.187651045885
0.188503538106
0.181200040217
0.188239385784
0.186505345415
0.18839517485
0.18989131498
0.191796919234
0.18748511219
0.186186984196
0.186950652372
0.189634569541
0.184743038416
0.187856709957
0.187683554988
0.185937680479
0.185865787461
0.187348942775
0.18870066271
0.1914754714
0.187640254546
0.191175750244
0.186754311524
0.188787687246
0.189333220385
0.191431281466
0.185550129399
0.190155823365
0.186317993246
0.187595178142
0.189850212615
0.190535141785
0.183237672959
0.190084072761
0.184912186269
0.188000700653
0.187753565446
0.184076320224
0.188875716604
0.189788259216
0.188014708154
0.188864090178
0.192898328356
0.191259835899
0.187057840753
0.190561996792
0.191699303508
0.186316056848
0.190186238125
0.186887922946
0.189793873217
0.191854146611
0.182980596688
0.188244155381
0.188850409616
0.189031389743
0.187350244831
0.186836910456
0.186888536606
0.189783719204
0.18959463802
0.188898896281
0.189809220463
0.187282988649
0.184585588068
0.185444577217
0.185313056424
0.187167794857
0.184776643757
0.184961576145
0.187424934469
0.188845290475
0.188754022509
