0.68996875
0.811921875
0.8454375
0.8626875
0.87128125
0.877328125
0.8820625
0.886265625
0.889
0.892515625
0.896015625
0.89990625
0.897703125
0.899546875
0.901578125
0.90490625
0.9039375
0.90609375
0.90365625
0.907796875
0.90959375
0.908984375
0.91003125
0.91215625
0.9123125
0.911125
0.913203125
0.910640625
0.914515625
0.91409375
0.91453125
0.9156875
0.91703125
0.91696875
0.916375
0.918578125
0.9179375
0.9155625
0.91640625
0.915359375
0.918015625
0.91996875
0.920203125
0.921640625
0.919671875
0.91871875
0.9220625
0.9215
0.920953125
0.92259375
0.922234375
0.92146875
0.9225
0.92084375
0.921515625
0.921625
0.922875
0.92109375
0.92153125
0.919859375
0.92121875
0.9223125
0.921390625
0.92128125
0.921875
0.921078125
0.922515625
0.921765625
0.9235
0.921
0.92328125
0.923
0.924359375
0.922265625
0.922578125
0.92296875
0.92271875
0.922515625
0.921984375
0.9214375
0.92509375
0.924125
0.925109375
0.922171875
0.92253125
0.922015625
0.92559375
0.922484375
0.922484375
0.923546875
0.923734375
0.923109375
0.9219375
0.923171875
0.921953125
0.92465625
0.924125
0.923828125
0.9234375
0.923640625
0.923734375
0.9225625
0.9218125
0.9244375
0.924046875
0.9248125
0.924921875
0.92434375
0.92428125
0.92378125
0.924640625
0.922640625
0.923203125
0.925953125
0.92309375
0.923953125
0.924625
0.924125
0.923546875
0.923890625
0.924046875
0.9225625
0.923515625
0.925234375
0.925609375
0.925859375
0.924734375
0.924359375
0.926125
0.924328125
0.923546875
0.9256875
0.922859375
0.925046875
0.92353125
0.925109375
0.924109375
0.924390625
0.924
0.925328125
0.924453125
0.923421875
0.925078125
0.9234375
0.924078125
0.92459375
0.926109375
0.925109375
0.92409375
0.92465625
0.92421875
0.92478125
0.92565625
0.924828125
0.92428125
0.923265625
0.92484375
0.9240625
0.925125
0.9270625
0.923421875
0.9249375
0.925765625
0.92478125
0.923796875
0.924484375
0.923890625
0.924515625
0.92453125
0.925109375
0.9253125
0.92378125
0.925359375
0.92684375
0.92478125
0.92565625
0.925703125
0.9243125
0.9238125
0.926
0.92375
0.924765625
0.92540625
0.924453125
0.923140625
0.92384375
0.924703125
0.925140625
0.92484375
0.92796875
0.924515625
0.92478125
0.925625
0.924796875
0.924609375
0.92534375
0.92659375
0.924640625
0.926078125
0.92359375
0.925
0.92671875
0.924421875
0.92571875
0.92621875
0.926765625
0.9234375
0.923171875
0.925265625
0.92659375
0.924078125
0.92575
0.925765625
0.924078125
0.9254375
0.925515625
0.92575
0.92521875
0.924828125
0.924796875
0.925828125
0.924890625
0.924421875
0.924078125
0.9240625
0.9248125
0.925890625
0.925625
0.92525
0.930171875
0.92534375
0.9253125
0.925265625
0.92490625
0.92440625
0.926578125
0.92653125
0.926203125
0.924703125
0.925625
0.925671875
0.925859375
0.92640625
0.925765625
0.92546875
0.925421875
0.924125
0.92490625
0.924625
0.92590625
0.925640625
0.923890625
0.924265625
0.926640625
0.925046875
0.926796875
0.927421875
0.925546875
0.923359375
0.92790625
0.925265625
0.927109375
0.9245625
0.925265625
0.927484375
0.9256875
0.924859375
0.92596875
0.92503125
0.924734375
0.923484375
0.926515625
0.924609375
0.92540625
0.9259375
0.924609375
0.92559375
0.92453125
0.924421875
0.9275625
0.925046875
0.92671875
0.92628125
0.9253125
0.925140625
0.927296875
0.925875
0.9253125
0.924765625
0.925671875
0.925703125
0.927625
0.92709375
0.92746875
0.9266875
0.92640625
0.926078125
0.925515625
0.92534375
0.925984375
