101.419769001
75.9948598242
76.4571625257
62.2455941248
54.4131433654
58.5388915873
51.3882410336
56.577588408
51.9130818963
45.9860982561
48.7011834955
81.2536026454
47.1066895747
56.2170678687
44.3912925267
58.9495142674
50.3662132859
54.7459882689
43.9582969522
51.6907547426
45.7753230309
54.1309253502
44.4317616582
53.7928805566
52.0964913535
42.4716027856
38.5293298268
46.0494988799
38.6961396503
45.7601329303
38.7022516346
42.8011776876
43.8943819523
33.204718399
33.1406852388
30.9588591123
41.8034207916
33.925353477
31.5247341132
35.1351248455
31.5969824314
39.162880826
31.6267512822
31.4881642532
28.4102442193
29.8890638781
28.7632173681
29.8346755314
30.3559028506
29.8294108033
27.9350682044
26.2991622686
27.3687276793
29.2050679374
29.5235647678
25.207323935
27.8296503782
24.5090973425
24.1319828534
25.3226250792
22.6698645186
21.1319098592
21.6055505776
20.0934326839
20.0090070057
18.8975607133
20.1373198175
19.3797101855
18.7314957333
19.452589339
19.4444134569
18.4099711192
19.172884357
21.4811811662
23.5879969645
20.4445229387
20.7533222175
18.5099928427
23.5474810028
42.4692055893
40.4074039531
25.7516453552
20.4679534554
21.8443399882
20.8809028411
22.6823016024
20.3316912198
21.1715782022
19.9275311756
20.1673341417
19.5173821926
17.8776177812
21.9210991561
19.5545361066
21.8330067325
18.9691150165
18.9695206392
20.2573621511
19.8868433809
18.7817366123
29.6578876066
58.8188341284
54.9181429362
53.0312863541
41.8040492487
34.9222983027
31.4933527565
28.5412851405
29.9108547235
30.0222290158
26.7732113457
26.7004354644
27.2861236405
24.6891144323
24.1098675489
24.8474508429
24.9729179645
23.646990304
23.8965547252
21.2849836707
23.8939867687
21.4391419077
21.8152992487
20.488252728
20.4143253541
18.2894716525
19.9899392152
19.7738578105
18.6788672423
20.9109780002
18.0859139204
18.5231203055
19.5372742426
18.9369915652
18.1114269233
19.9709453106
17.9464590871
18.4633292305
16.9532689142
16.2570640719
18.4248114085
17.0790351343
17.6494872403
16.2041261768
18.1862400031
16.141131717
16.0131536889
15.2712357128
17.8846673727
15.1552789128
15.8712867975
14.0571787775
14.819446373
14.9962829816
15.6419409251
14.9963781941
14.9004979861
13.8845089638
13.6770496273
13.5770148528
13.4352220953
15.1566461396
13.6930954921
13.2232128394
13.6666738093
13.4922804701
13.6674629438
13.8723812032
15.1418600667
14.0554200888
12.7583566928
12.6092298901
12.2985426331
13.1895027936
12.4206060362
13.0839726949
13.0431072974
13.7543291998
12.7429042709
12.1568663085
13.5241151357
12.8265350127
12.1541325617
12.4782089353
12.7294545317
13.8689440429
11.6555577004
12.6675865233
11.7270643246
13.2946577311
12.1010490978
11.9347573626
11.5508747423
11.2646246409
13.5568920827
12.9829450357
12.499609946
12.4915288091
11.5908950651
12.138534162
11.8264047384
11.8498454559
10.7694831777
10.9231400299
13.3311336982
10.8852910113
10.795337503
10.802033366
11.6761071908
11.511063863
13.1339009583
11.9621906233
10.5253297603
11.2873218536
10.4120768547
10.6354649591
11.2240272903
12.4589076495
11.5077204216
11.6316204834
11.5955831444
11.3025730145
11.9016007209
10.7297432888
10.8503889477
10.7994369626
10.6586030686
10.6191146088
10.4171303058
13.9923541474
12.1683975303
11.1050131667
10.887238915
10.262701534
10.0770075786
10.3698255932
10.5050342989
10.3263836074
9.91411556005
10.9760052979
10.1338994205
10.611612879
11.4338421142
10.8846025574
11.0257447219
11.1086672878
10.8296087873
12.0218451738
11.4818534315
11.565962013
10.1836713886
10.4672112393
9.98038820028
9.45723608732
9.40369480968
11.7182762313
11.4086983907
9.79634665608
11.4666722429
9.93889600396
9.8429872179
10.8118040299
10.1465600216
9.71626775861
10.229221983
10.1789203286
10.9724033856
11.1767862117
11.0444370687
10.1488335919
9.6989951098
10.2425820315
10.6086309719
9.93340750694
10.536873647
9.85547218323
10.6280817997
10.5261692762
10.9786593974
9.58276171565
9.64532504201
9.09037624121
9.7510450995
9.67377781749
11.4897359669
9.45604946017
9.33664511919
9.27722795725
9.51762965798
9.25474201202
9.71429005384
9.03862533927
9.48814009786
9.52614207029
9.80293405652
9.17741346598
9.34267005324
10.5055342197
10.171304723
9.19564461708
9.35966647267
9.46568583131
9.20531650901
9.31956617236
9.81110504031
10.0006182623
10.0009367836
8.44594516516
9.20583936095
9.79210134149
10.943005507
9.51689660788
9.626561625
9.44394360662
9.54501225829
9.33030314088
8.57698082209
9.1343601501
10.8164591539
9.70594964385
11.1684779453
9.34473179698
11.0265909803
9.98252411246
9.91174398541
9.58335611343
10.8507520783
9.56880822539
9.14549365759
8.89833635688
9.18072571039
9.25704955578
9.70868497014
9.78885543942
8.85734300971
8.69449998021
9.17308277607
8.93254247069
11.3204314017
10.6884615409
10.5823974872
8.96225773454
9.79902299404
8.84783086061
9.0650791204
8.98037103653
9.22919201732
9.11121004462
9.82442492366
8.58142516732
9.11454314709
9.32285268545
9.43470955968
8.92163470149
9.55100622892
8.5382902503
9.73683998346
9.40303852081
9.54859721661
9.08156598091
9.24574641109
9.82886957765
9.6340993619
8.61464126229
9.05620965958
9.39039947391
8.68638940334
11.9253820002
9.21806412578
9.27100977182
9.57078891516
9.15482966781
9.22005461574
8.53185641885
10.8112355518
11.2676599693
9.49680315137
8.81350155711
9.32206534505
9.88413196087
9.04642096996
8.79526096463
8.64015649438
9.70359416842
10.2903332973
9.17981195331
8.86491104484
8.86131283879
9.94971467614
9.35542044282
8.50673415899
8.8905282259
9.26601782322
9.35949871063
8.32089138269
11.2802898431
9.97088162541
8.85213002443
8.88816236734
8.72462412596
8.99834707737
9.40505757213
9.29572213888
8.33418162823
9.30055351734
8.83254268765
8.50736991882
8.47774968624
8.51776913285
8.37595752954
8.61659731984
8.28063583493
7.95507343173
8.58628776908
8.88160575151
8.20876736522
9.61719296336
9.00300798655
8.70684457064
8.36104341388
9.25751744628
8.87559744358
8.76326156855
8.27461964607
8.7138184309
9.3633309412
9.53596165419
8.16750452757
8.29567063332
8.60047294259
8.15534454942
8.81435112119
8.31268261552
10.0215620279
9.92487917662
9.4160523212
9.26620267749
8.34746690154
8.47153365135
8.58788312554
8.10907297373
9.36090722799
9.02316243291
8.73326925635
9.20554259658
8.82901766241
9.22544563055
8.47411622167
8.29762331367
10.8026956439
8.2929236269
8.53251295567
9.22440742612
8.2205136168
10.2317073786
9.03178732634
8.25974931717
9.01838849902
9.12864424467
8.23179832101
8.50388458133
9.09584142923
8.61233229399
7.98645902157
9.7595746851
8.69888763547
8.81677321315
8.7173488915
7.80797416806
7.93074111342
10.7525414145
9.568153373
9.16466352344
8.37827267528
8.61756878376
8.47965895772
8.31124446988
7.89900292635
8.06923205376
9.82471556187
8.62005339026
7.5294572556
7.95538838744
8.76640558362
8.47624718428
9.94767591715
9.44461622834
8.38720457673
7.82751477718
8.56344483495
8.48689006567
8.37351240158
7.73529726744
8.76335737467
8.16392810822
8.03439995766
7.79067611694
9.00547008276
8.49997797012
8.02889517426
9.40644400358
8.95996676087
8.99508695602
7.83539187312
8.3079595089
7.78264316916
9.69788409352
8.50548063517
8.64169198275
8.0807587707
7.99764680624
8.65401419997
8.3090395999
9.24775465131
8.46888095975
8.50087189913
7.97790986776
8.48329497218
7.57135660768
8.02427449584
8.21131531954
9.4710280025
9.65761812687
8.09277042508
8.58993003368
7.97424056172
8.38599907875
8.0278102231
8.22216238022
8.20312318206
7.86995604157
8.26248655796
8.44433939338
8.69806347966
8.29956083417
8.81413436174
7.50268222451
8.08040239692
8.41163763046
8.29284184337
9.3820135355
8.30267097473
7.72196987391
7.60050586224
8.33483971238
8.64477249742
9.97587973118
9.10218950868
7.8837479949
7.70940383673
7.83969536066
9.86723855615
9.45587306738
10.5658390307
8.9507858634
8.8174644649
8.99876730204
8.07610091329
8.33976033926
8.29963237047
7.93151147723
7.93671930313
8.45895582914
9.29512335896
8.73968430996
7.96718107939
9.23943303108
8.54531024337
8.31935102344
9.70043810129
8.66336672783
9.3923542285
8.43345878363
8.84005244732
8.83375591278
7.79158219218
8.03170130253
8.21056336761
7.92456100464
8.5755567801
8.59885929346
7.46309948683
8.40783867955
8.72537467241
8.85541478634
8.38938548088
8.01708441973
8.24326125264
8.07843836069
7.96618212461
7.99398321748
8.69077859044
7.73409893394
9.02333013177
7.90544806957
8.08925344825
8.94850036383
9.05460439324
7.91014990211
8.59820246458
7.76274914861
8.86362952948
8.36264932275
8.14490525842
7.79704550147
8.48143826604
8.16684182286
8.04330618978
8.57617031574
8.24673653841
9.79878592014
7.91578503609
7.97803898335
8.3718558383
8.00014824748
7.84544829249
9.12130268455
8.46200034499
7.75385354161
8.63354892373
8.77693381548
9.56244248986
8.43420025945
7.80374070644
8.23184652805
8.29260223985
8.66263284087
7.55245272994
9.49109493971
8.37908703566
8.15441346049
7.94697917342
7.65466187119
8.81650991678
7.65885543227
7.92510641575
7.89690031409
8.75993118882
7.26519234538
7.9086838448
7.78673490286
8.74537645698
8.1155086875
8.16674305558
8.20624086499
8.1086798954
9.76830409408
8.29855805159
7.70243819714
7.76876047969
8.65013807535
8.31826869011
8.60981769681
8.46414884925
7.68312633872
8.16025513172
8.83577885628
8.0313795197
8.43238013625
7.74641560793
8.2516321981
8.10861338735
8.68677186251
8.42912158608
7.41019883513
7.97967405319
7.59752086043
8.41803702712
7.91276798844
7.73119527936
7.98596771598
8.1711364615
7.76530020952
8.39441550255
10.4966812885
13.0457477355
11.1741913676
10.9825726163
10.5639839995
11.0041596603
9.93497293115
9.88723100424
9.49007607698
9.50205757022
9.28393787384
10.324068495
10.7827204001
10.8261159682
11.0528933609
12.4499546123
10.8050324178
10.7756454337
13.1568232846
10.9115887952
10.3652314496
10.5807758904
10.6448867869
12.6371757448
11.4943387675
11.9948848617
13.1004853177
13.477668668
12.7279658747
12.1472281086
12.968959173
11.3251937056
12.3583537555
10.950759635
11.892394799
11.5575276911
12.3477514064
11.1138974774
11.4377133656
11.541649971
11.9205536795
11.6434271049
12.1806891787
10.6419325078
11.5777151906
10.4676708961
11.4965003324
10.5579772973
9.70257564664
10.97820714
9.82684970379
10.107657944
9.27427869797
9.26144698024
10.8320373583
11.0770264781
10.7019766343
10.4996819484
10.6174168921
9.98981457591
9.27323082805
9.62220513701
10.3620762694
9.53480028749
9.14154313445
9.3374098444
9.47137655854
8.49792840719
8.29375052929
8.75615251184
10.5283547485
8.66479436874
9.20702177405
9.73072381258
9.50243960381
9.18282476306
9.92273208737
9.4063723135
9.37578468323
9.45090014458
9.57785879254
8.9829966855
8.90730603337
9.13460771799
8.80185783744
8.39834382296
8.83913764477
8.26736080408
8.6414875114
8.21794884324
9.0856705904
9.30351953387
8.48468234658
9.39997916698
8.50044145584
9.42364438057
9.33229808211
8.39948876858
8.70346871257
9.08525364995
9.87743400574
9.23678129911
9.35902053356
9.02835002422
10.1083313656
10.8946405578
9.12002329826
9.32434524417
9.01123943567
9.66028436542
8.89624480247
8.94066425085
9.64364056945
8.60556258798
8.40699309587
9.79254257679
8.80462309361
8.6872775352
8.72423263192
8.71162151098
9.62103977084
8.44277748227
8.4575780654
8.86718398452
8.95510432839
8.96730537653
8.72933804393
8.75294595718
9.02310749292
9.09645703197
8.73709088087
9.38697541952
8.91535137773
8.188307302
8.01025640488
9.14204815745
9.52649218798
9.19082813859
9.06619253039
8.39065396428
8.52152823687
8.25350343108
8.96813913465
8.18679136276
7.96392751694
7.71362285376
8.11070952415
8.78027998567
8.68330717206
8.18784463763
7.77159333229
10.0973057055
9.39697581649
9.09235119581
9.33236747622
8.9626361692
7.7880760169
8.43008858681
8.23682532549
8.24449350357
7.88718209505
8.75054636598
8.43749808908
8.80970545888
9.13456568122
9.08610342622
8.58167233825
8.62677376032
8.75532103777
8.06405973554
8.08373077154
8.46026737213
8.08810215473
8.3986352694
8.50496636152
8.60253234982
8.83280863881
8.50460335255
8.81384923697
7.92004320383
8.30026303649
8.83556528449
8.25088462114
8.4169592607
7.71742697954
8.28090463996
7.8557080102
8.08127698421
8.32027361512
8.41783407688
8.28336424708
10.5669292068
9.28152793884
9.4514222002
7.89660997033
7.77117417693
7.96955996394
8.36122025847
9.29205933332
8.65127621055
9.00347958088
8.68701193452
9.19526490569
9.04185849905
9.51976645827
9.6018362546
9.38606986403
9.18218479753
9.25338516474
9.04204747915
10.3872576761
11.272708981
9.09164987683
9.16793642879
9.7961014092
9.37119383812
9.46130660772
9.12831254721
9.26048910618
9.4463869381
9.60248178244
10.0411649966
9.29511562347
9.38582501769
8.93421309948
9.08139983892
9.17705784798
9.91800129056
9.871045928
10.6770348442
9.42283527136
8.86989991665
9.42565790772
8.82066126943
9.12399903297
9.78918225884
8.93721982718
9.07227389812
9.31314145803
9.08206890106
9.07168961644
8.98060707927
10.3665194774
9.95154998541
9.579366256
9.88692546844
10.7627237356
9.05997904539
10.0457294583
9.72999875188
9.6057403791
9.7050660634
9.49025574446
9.22006710291
9.5086405158
9.41197597623
9.76209298253
10.0161406028
9.94932815075
9.04026990652
9.06849784613
8.71952478409
9.00499427915
10.5406954193
10.7272842896
10.1476461041
9.66010076165
9.0990456295
9.30943071365
10.139002049
10.3004453945
9.91134606957
9.91670173883
9.93241180301
10.3432980764
10.4479665196
9.90295787573
9.97034495711
9.66647880673
10.8849529934
9.5872351563
9.83199038863
10.9593016517
10.9029136491
10.3015624559
10.8730139363
10.388079617
13.0570370591
11.8378124881
11.0950594509
11.8260958993
11.7700750256
11.9499837554
11.8554595339
11.2577339399
13.4346617842
14.4335868251
14.2339891624
14.6287746334
14.5890811253
16.7617745066
14.8772345328
16.7378042531
17.865872575
17.1944434404
19.4177907348
20.1049929953
18.4983407843
17.7985805333
17.9338196683
17.9081237888
17.3937152195
17.0890416265
19.7382864118
18.7727174926
19.454040494
18.776369524
18.6912748003
18.4464966035
18.8019238019
19.0448450541
18.5990986896
23.100745163
23.0155112982
20.3008992338
23.6527082419
