1.67744568124
1.38432927489
1.28674905106
1.25227953896
1.23859068096
1.21645927206
1.21077311471
1.20324566096
1.17289840534
1.17342171371
1.16082122341
1.1666562973
1.14215986952
1.13025906801
1.11361645103
1.10790903434
1.0945323278
1.09160465479
1.07698836014
1.07406711355
1.05557686538
1.05886134624
1.04138286456
1.01896907359
1.02310149416
1.01716316864
1.01106408715
1.00624784157
1.00133022591
0.997129027992
0.998108613789
0.996469543874
0.989379426986
0.970477703363
0.96688450709
0.964450619519
0.959993275553
0.959445407689
0.949786526412
0.946255463809
0.930642201006
0.934397961497
0.933335500062
0.943508183807
0.925238471776
0.930238121897
0.914584332108
0.914048374742
0.916577056199
0.905910063237
0.922691058964
0.915237927437
0.903507945091
0.90364194423
0.899930046052
0.898289953172
0.899182985872
0.897722040117
0.888548850268
0.89079439953
0.898979718238
0.899614702761
0.888176082671
0.900008438528
0.882382490039
0.87447249189
0.882209572494
0.869578308761
0.876328747272
0.877122011781
0.88234478578
0.876620965153
0.870456772149
0.871251273006
0.870655925572
0.876206754595
0.865041895658
0.866764159799
0.862219963819
0.856980195194
0.858166324943
0.861881173104
0.853833217472
0.85378663376
0.848561275005
0.861562302262
0.854375049919
0.854333671629
0.852702789605
0.86268078655
0.849780716747
0.847825229615
0.845484044552
0.849680716097
0.848936088532
0.835590780377
0.846026318669
0.832684988827
0.846565580815
0.843381414711
0.832581517398
0.844419362694
0.838478001356
0.833694414198
0.83662492618
0.845221579969
0.835291483104
0.837917969078
0.829556461871
0.822683533132
0.828144308776
0.834026363939
0.822961740643
0.826600189358
0.826493677348
0.831223278344
0.81977701813
0.817412976325
0.813208472729
0.825825091302
0.82421456188
0.81697505042
0.825983955264
0.822673743814
0.819689813107
0.813210258484
0.822894287556
0.815057105124
0.817351730764
0.819595163316
0.816716546118
0.812691916972
0.814900975153
0.812123597711
0.815327238888
0.815613840893
0.809452003688
0.813740812093
0.822481544167
0.811406716034
0.823263780326
0.80046805501
0.815844801515
0.802374991775
0.811733905822
0.811417063177
0.803576668203
0.808291977942
0.798640198559
0.808971964717
0.806341132075
0.799102280438
0.798239771053
0.805600844175
0.793588803411
0.805399616063
0.795864641368
0.800347827375
0.790604442954
0.803405673951
0.793376405761
0.792878413796
0.796887713224
0.78438430205
0.793678296804
0.799022232145
0.795162956417
0.790743316859
0.800204374716
0.806305354163
0.799628891349
0.796238541529
0.8011781317
0.790728197247
0.795181641728
0.791862718612
0.787968505919
0.791717960835
0.793584502116
0.788012465835
0.792033910751
0.797089822143
0.790465438813
0.785192991793
0.788382356316
0.784950342923
0.788210716993
0.78023718074
0.788670023754
0.793564835042
0.790304030925
0.785341485664
0.786916282773
0.780384813547
0.779817868099
0.790630070865
0.778865278065
0.789031938761
0.779684809893
0.784703309685
0.776979183108
0.80063129589
0.772425113767
0.780422453284
0.782595770061
0.7805386471
0.791154968143
0.790379968286
0.782296554446
0.777736371309
0.778534879982
0.775435090736
0.777589472979
0.780310396403
0.782653244063
0.777186003923
0.786789398044
0.781763740033
0.776675465554
0.779253376275
0.769280696586
0.77857238248
0.776579369158
0.768100989386
0.775582675338
0.77623902455
0.774675889537
0.773399971724
0.768496455997
0.779507356286
0.774593036026
0.780846227705
0.775271587968
0.771009033397
0.778711837977
0.769712763131
0.78208932668
0.777559995651
0.771466162354
0.770016276687
0.778739472777
0.770054128319
0.765932887942
0.772678899169
0.77527876094
0.765251878798
0.77374308303
0.77678682074
0.768040847629
0.77158437565
0.763089756146
0.768243623152
0.768016698658
0.765600468069
0.778442572355
0.762406463921
0.759324634671
0.7654763069
0.766832434833
0.766081373394
0.755604768768
0.773467439041
0.766431159005
0.768318682984
0.77422945261
0.761300915331
0.764124259502
0.767148235142
0.758244698048
0.767741734087
0.763890974447
0.763868419752
0.760271247923
0.765354635864
0.758952994496
0.762329767793
0.765696392506
0.76640977107
0.773158361763
0.76716085881
0.76159873046
0.767017939761
0.753717676923
0.763945503682
0.752035075724
0.770330556557
0.75958651647
0.759312797338
0.76154117465
0.761515713632
0.756741155982
0.765518882126
0.759524086565
0.752738185823
0.758668515682
0.753481792882
0.756249686405
0.764816071391
0.766202203929
0.75411045894
0.76220923081
0.76041272141
0.755592856258
0.762308757976
0.75173348628
0.756999701411
0.768173526525
0.749327447414
0.750283692181
0.749682334363
0.760860102847
0.765046898946
0.761173493266
0.757807063833
0.757566075921
0.761145750731
0.759975175411
0.753093652278
0.760818119794
0.758930125684
0.756285119876
0.75748766169
0.761138358712
0.758333313018
0.75492786333
0.756132502258
0.759934808612
0.754756314382
0.754773006067
0.751071747541
0.756945227683
0.757993330434
0.752807929963
0.75748105526
0.760549466908
0.759597959071
0.756661868095
0.76030321151
0.743889466748
0.750074946657
0.750049663633
0.756365008429
0.742244975418
0.747546097487
0.748847438842
0.75751097694
0.745643075407
0.75005507037
0.76020264104
0.75354824096
0.755820293054
0.749384456649
0.751990681365
0.751953221262
0.764565441161
0.750563148707
0.752233973444
0.748440740258
0.740923048258
0.752573804185
0.743060546145
0.744873776361
0.751973461732
0.753023477793
0.746033374667
0.754335788637
0.743309980184
0.753207211643
0.745926337987
0.751282304972
0.750541636273
0.747139069065
0.749456482902
0.74382905826
0.754579721838
0.754461624175
0.748334627375
0.749687533528
0.747050373703
0.74964155972
0.744082328528
0.743631072044
0.752389512807
0.751367322728
0.743673202693
0.74823742494
0.739624359608
0.736614077687
0.746512651891
0.745853099301
0.739575815499
0.736307921186
0.752375846207
0.751428992748
0.736093636304
0.746173835248
0.746592990309
0.746123994887
0.746990038082
0.743928496391
0.738814723492
0.742926877141
0.738864643052
0.747680708244
0.746059923917
0.740280422494
0.746693757251
0.733967506662
0.734226858765
0.745241843611
0.73697814934
0.748902676627
0.735782807097
0.741785473228
0.738182553425
0.748300611153
0.748350443393
0.734895749539
0.74001767531
0.742119931579
0.736892844588
0.734609662518
0.739579021633
0.737969551012
0.742357423529
0.741605310887
0.733093053699
0.744781330675
0.740632880628
0.744943666458
0.740499875471
0.746013351381
0.73915826194
0.740388494283
0.73857398428
0.746986638755
0.743311505169
0.747213553116
0.746506609172
0.734173900038
0.739970583469
0.740536723286
0.735606364831
0.741080980003
0.749729421288
0.732259099334
0.74485547848
0.730916706622
0.738267705292
0.744922443777
0.73713183172
0.728257060647
0.740941384733
0.728260512203
0.737095825449
0.740113125965
0.747836479396
0.729137804061
0.738141389862
0.744418547824
0.735051009357
0.737018732578
0.73937478438
0.73429997012
0.739748160988
0.738765990585
0.727617749423
0.727240521535
0.738692306131
0.73397519052
0.733166899979
0.731755832136
0.741017933264
0.741096761376
0.747121991143
0.73359368071
0.737092728689
0.727933703512
0.731323612705
0.728857690617
0.727826769873
0.724808052033
0.728650322109
0.729752946422
0.730536861941
0.727054039761
0.733924809024
0.729881794006
0.736309565827
0.731945231557
0.722271272019
0.73124943912
0.724764202237
0.731487590149
0.732800070047
0.732863592282
0.732406215519
0.731564810574
0.736597258374
0.735085392222
0.721778727174
0.732938590795
0.737128028274
0.729741522744
0.72754780747
0.73366819717
0.730098305419
0.736060016006
0.732021134272
0.725132183805
0.730090541318
0.726748714745
0.73836981833
0.732298110947
0.728597617894
0.721272350252
0.722744337916
0.732785190791
0.724536085427
0.725248491094
0.722978379577
0.721181155294
0.723234063536
0.720108238384
0.726081678867
0.731520715207
0.739554516673
0.722524269298
0.729061303586
0.732445756495
0.728105442077
0.723552171662
0.732403148934
0.715840219706
0.730963257924
0.722268086523
0.736322929338
0.725000130311
0.722958759293
0.727442287728
0.725419046655
0.72958870627
0.728439522088
0.724300077334
0.722355585769
0.714491842836
0.725858735144
0.72119708389
0.724983038604
0.728730129823
0.729476980343
0.733151861429
0.725419551879
0.729153784215
0.724100853875
0.724613357857
0.721927673966
0.727638258338
0.722729280069
0.727903373316
0.721047253832
0.71723890774
0.711032070741
0.725900613144
0.727844039053
0.731576887593
0.727764842957
0.718586816788
0.720713832229
0.728313412741
0.721170669571
0.727791763321
0.724079950079
0.722905272245
0.721931161657
0.732977089658
0.724850822985
0.722331884652
0.725301524475
0.721061382294
0.734764952958
0.723764720783
0.721807538643
0.721659285054
0.714959979653
0.725397475287
0.711608637348
0.724214388579
0.730477136225
0.733449151665
0.720810664371
0.718666032925
0.721604072005
0.717326640412
0.731464638785
0.72736270301
0.717346725538
0.720230418071
0.72299201034
0.726148894653
0.723342356682
0.719936204106
0.716176057085
0.717352008894
0.710239338577
0.714154037386
0.727653558403
0.720613725558
0.731249603927
0.716995712072
0.727092323974
0.714278515577
0.710671058819
0.70787434563
0.726744296178
0.723401103392
0.719511011019
0.728010387495
0.723289749771
0.717953120172
0.720377982035
0.71980420284
0.715477781296
0.714064764455
0.722203637213
0.713223752603
0.719502728805
0.707105750591
0.721804021075
0.714502111524
0.71636435248
0.717080565467
0.711565329805
0.719625635743
0.718011190519
0.708561097607
0.722796655744
0.71304910861
0.713874619231
0.712504268885
0.7113419009
0.720600443929
0.710158241242
0.711597678512
0.714745412692
0.712482285127
0.722191027179
0.72427187711
0.712064078599
0.711680342034
0.723139467314
0.720715571344
0.712117014378
0.716800886393
0.718269195333
0.704593115076
0.722575981393
0.724442456961
0.721785765737
0.716477435306
0.717996283397
0.715042982921
0.714808671176
0.715726536065
0.718815216795
0.718247345462
0.716513732299
0.712169620395
0.705963738114
0.713692529574
0.717608814314
0.71710643135
0.713782672212
0.724257315695
0.713104142696
0.700789764971
0.719375714734
0.704796342179
0.717982319891
0.727014332041
0.715994664207
0.711645087972
0.716326884702
0.711646559387
0.71528164126
0.719085806236
0.716549949497
0.722051262632
0.707922619805
0.710987164676
0.702028202191
0.719208428413
0.714932484403
0.707673561648
0.710482873172
0.716442012787
0.707613030076
0.717705815136
0.715833833516
0.709353905246
0.717151754722
0.714134693816
0.70377998732
0.712187437341
0.705197208971
0.720413469225
0.704380552545
0.707225704417
0.709798736721
0.713624863997
0.700826624259
0.703671743125
0.714495835751
0.713439749479
0.709646833315
0.713639716655
0.725806480348
0.706740460619
0.712964631692
0.711541738734
0.720295514613
0.718792617694
0.719491448179
0.712368531898
0.712552323341
0.71470867537
0.709900204614
0.708848695084
0.717375706509
0.714045642316
0.69909017019
0.715745010078
0.716726352349
0.714111388698
0.71743005015
0.718049869686
0.712928027511
0.702945029363
0.712707430869
0.715964931399
0.719277646467
0.701866693497
0.71504316017
0.719996244311
0.708979772031
0.71330426991
0.720324456841
0.709590345696
0.704477988705
0.708552210405
0.709229621664
0.712006095797
0.709697291479
0.712549151629
0.71915153563
0.713838354424
0.710420961529
0.705305128694
0.707323763743
0.713734460324
0.711723590121
0.702038114518
0.701636036336
0.704234352708
0.715113516599
0.726153399199
0.711819618419
0.718829979226
0.711420215815
0.717894872352
0.713864738867
0.705830683783
0.700519491583
0.704901124611
0.708593331501
0.697991120443
0.709881379455
0.708860586733
0.710444735959
0.71551307708
0.713306610882
0.715470076576
0.707380700186
0.718953361064
0.714807623327
0.709604803398
0.699561411515
0.705579909608
0.696033480167
0.699815932736
0.711632894874
0.705773709491
0.709630244523
0.697950697318
0.711369039714
0.708790761158
0.718071189523
0.709598844275
0.709191691056
0.705331703797
0.719500093535
0.70400238432
0.70016800046
0.708176627755
0.717669449002
0.704489347786
0.706879287958
0.709641459584
0.705718906149
0.71114027001
0.70982084237
0.715874852389
0.704396295473
0.703447797745
0.715026395917
0.705330142677
0.705463244691
0.701320103854
0.712009739876
0.71450176239
0.711997910738
0.70966837965
0.701520342454
0.711169949546
0.717334865555
0.707158198059
0.703719808459
0.710227741897
0.705135924071
0.717236477658
0.712470367476
0.721651328132
0.712735779956
0.706077765822
0.694877715707
0.707796527594
0.713883732334
0.710085608661
0.709394448474
0.702933371738
0.701095443144
0.716282932609
0.703994047344
0.696888840869
0.709882879257
0.701716742888
0.702979765758
0.697870831192
0.708878322393
0.705254636109
0.70061564669
0.707399401963
0.698120184168
0.700524337143
0.707852700874
0.703111821413
0.709327185228
0.70822150901
0.710782396272
0.697689022198
0.704448049739
0.709676880091
0.697236576676
0.712345113158
0.705603653938
0.698790087625
0.69701988481
0.709380316958
0.706048439965
0.709695215225
0.702650785819
0.70782011576
0.706438654959
0.711900577992
0.702480225191
0.693731473833
0.699885017499
0.707521952167
0.698395429254
0.715294322744
0.703940000311
0.709172105417
0.697418538481
0.704781631604
0.703280254975
0.705967648998
0.699544472471
0.709482638389
0.713288024887
0.701734428033
0.698342653662
0.706902727932
0.695853240788
0.693492944986
0.7034654966
0.705122480616
0.69315277271
0.688273162767
0.698800630644
0.703278231993
0.700734664276
0.704874407873
0.70864704974
0.709516120851
0.693761302829
0.700845465735
0.705127868354
0.696322817057
0.69887254335
0.69676633358
0.689017925933
0.706174343228
0.698144850433
0.708120312244
0.698104219809
0.705355355069
0.698305337355
0.701795440763
0.696641157568
0.696801878214
0.70146146439
0.698295205832
0.700615058467
0.701820666939
0.704707003906
0.700328406021
0.69337132901
0.699895357639
0.703456859961
0.706920171529
0.70658370696
0.696082669944
0.700168356746
0.694761204496
0.698741032854
0.696542041451
0.714440537915
0.694945601597
0.703395187929
0.697285123616
0.697950645462
0.703419164345
0.696204670221
0.706234994903
0.69260961853
0.697867378369
0.698543908298
0.691666326001
0.691200215593
0.706256682053
0.698123534843
0.696335517243
0.699232706726
0.693521153107
0.694113764912
0.706461064816
0.687650018781
0.697721066028
0.696940282211
0.695746018142
0.69750383392
0.7064706745
0.697766490877
0.695299746618
0.705466224998
0.69831145227
0.693007187843
0.706045008227
0.696360715702
0.689086082503
0.690144126415
0.697879420221
0.700907446221
0.698173711151
0.698582263291
0.696358883455
0.696508091092
0.705632686391
0.692715166658
0.690884016827
0.70013202697
0.697747792825
0.693855390176
0.701233595982
0.700616259053
0.706980752423
0.694636220634
0.694140145034
0.694546823874
0.699573233426
0.699989661872
0.692197822183
0.694700854421
0.706365216598
0.703929714411
0.700189141855
0.692418823764
0.70131055288
0.696576695666
0.69983592093
