698.119616928
569.146865616
153.546035194
99.7179483032
77.7743238258
64.8844448185
56.4192903137
49.4420148468
45.0236800814
40.6986282349
37.0170402575
33.4999219942
30.9310636616
28.8754453564
27.1243898535
26.0215423918
24.8437825084
23.1786245298
22.5841383648
21.0788071561
20.3511481452
19.6815055561
18.9184138274
18.1382062244
17.1032256079
16.9338194966
16.5493593264
16.1514342546
15.7273929548
15.1403844976
14.759282217
14.6484939003
14.2722230637
13.6795034313
13.1744457114
13.7451653624
13.1272863114
12.8912258375
12.7250037432
12.2308103955
12.3391477156
11.9561793947
12.0015654635
11.7404483426
11.2401633167
11.4205889857
11.3249117398
11.4455846477
11.0511710334
10.9418413615
10.8252423
10.9352619684
10.5102766538
10.4489064276
10.2940228724
10.2212667572
10.1501603806
10.2542158079
9.75337117553
9.92853283525
9.87060017824
9.54984117746
9.73478947163
9.81973780751
9.34836660385
9.68825519204
9.64247134686
9.27991555929
9.50284698367
9.12645445228
9.28313470721
9.01957951427
9.19002456188
8.9885172081
8.98810924172
8.99725418687
8.8229218936
8.81455510139
8.87210522771
8.70480162501
8.73457230568
8.87976324677
8.79968309045
8.39799402714
8.57003442049
8.43114727139
8.5082965076
8.44607338667
8.17063537359
8.46980730891
8.42416372418
8.12306661963
8.53654673457
8.22592509508
8.1604228723
8.16941239595
7.86064168334
8.30744006991
8.26669624209
7.98918343902
8.06547659993
7.97698792934
8.09734017253
8.27718996644
8.10234673619
8.0489072156
8.17353188992
7.93359462738
7.92700327158
7.66751560926
7.82739453912
7.74865840435
7.57603547096
7.77123646975
7.95279145837
7.80136870146
7.72918597341
7.64268196464
7.67176580071
7.54205085397
7.71687042356
7.74712524176
7.71565598965
7.57066547036
7.47200549364
7.46127544403
7.54474055648
7.52427240729
7.52914879441
7.39028174758
7.37222074628
7.46520798922
7.49246490598
7.34313780546
7.36540876269
7.31408149242
7.36979593158
7.40051095486
7.56775155067
7.31471109748
7.58089720845
7.33749622583
7.04156447113
7.30597385883
7.14150954843
7.37798473358
7.36162036419
7.35597620487
7.12456618667
7.21288877487
7.3282622087
7.38455680966
7.336978724
7.26206321955
7.25937499523
7.31536952615
7.16843356133
7.25350165606
7.34878357649
7.27325151682
7.15247071505
7.09576309443
7.40144420624
7.12770193219
6.90944761515
7.23228633404
7.13197451949
7.06994983554
7.07857905626
6.99974328279
6.97637391806
7.10431533813
7.09367110848
6.95112755418
6.95590455055
7.10835077405
7.10005251169
7.017010355
6.82821163297
6.87191606283
7.00878284574
6.92083899856
6.93284725547
7.02705554724
7.02131738067
6.82091304421
6.92560631037
6.85185852051
7.02442282557
7.01895471931
11.9871823072
8.22191487312
7.4298829186
7.31361819148
7.23396068692
7.03447517276
6.88324510574
6.96742492318
7.008137604
6.94979337931
6.95234279513
7.13374441385
7.69123116612
6.99294658661
6.94266873717
6.79517538309
6.81495194137
6.95356029391
6.88196854234
6.88445801854
6.80373671055
6.7360373652
6.99329693198
7.24167014837
6.796121912
6.7528531146
6.79161944628
6.77155138612
7.06906139731
6.90879227459
6.88770515561
6.6768631506
6.84986440539
6.9028717351
6.91723874927
6.75953639507
6.83183427811
6.63293027282
6.64771775484
6.63004948378
6.71031753421
6.78424280286
6.76920605183
6.7286643219
6.66395749807
6.62962087035
6.63836677194
6.66997492313
6.7258787024
6.77766058207
6.91492655277
6.59321959734
7.0511407721
6.7094633472
6.76236779809
6.50703508854
6.6526446259
6.54819326639
6.50043087125
6.54398851514
6.9187398839
6.64350239635
6.63451058269
6.531250453
6.55759077311
6.66441097021
6.69168721437
6.55629199624
6.59565558076
6.45046375871
6.57090114951
6.67463527322
6.59673774004
6.71288619995
6.55009600997
6.44415052235
6.69923342526
6.62006668568
6.49899960041
6.51833020687
6.48401818633
6.42754005909
6.42809618831
6.41502747774
6.60447368026
6.53407908201
6.45946656942
6.39912317812
6.39774712086
6.41326760888
6.61664120317
6.60749463916
6.48026740193
6.23188113213
6.29782825589
6.43653463125
6.50166153431
6.59708734989
6.68114192486
6.5250800091
6.54761524737
6.49912692189
6.3926320219
6.37977722943
6.43202374458
6.34715977192
6.31046627283
6.53897033095
6.53249192476
6.49131762505
6.32965189457
6.31232421875
6.35279860556
6.43133904099
6.3281309247
6.93224088669
6.48501134753
6.36848635912
6.37615958691
6.44172712922
6.43014455318
6.28429710031
6.35276321411
6.18142384708
6.39599051952
6.41051449776
6.21593225002
6.37972679377
6.28377500415
6.20300868273
6.36910670578
6.16567477465
6.16725866973
6.36596159697
6.27150922656
6.25243683696
6.44604531527
6.38114159584
6.11879712582
6.39571532905
6.25740889609
6.57523669899
6.29301697731
6.24588454723
6.09841356397
6.21767296433
6.25035582066
6.21083572626
6.23933441401
6.34306293488
6.29058538318
6.19977267683
6.193475703
6.22194836438
6.41810367286
6.56953278065
6.21274693191
6.28889465868
6.2490787816
6.17081813097
6.32211402297
6.30205917239
6.12065966725
6.1420413065
6.12516834021
6.03886233687
6.25371550024
6.4635920155
6.52679142177
6.3016037178
6.28362538934
6.16867367029
6.24187695205
6.38517831802
6.19040706098
6.23301462829
6.19507834673
6.20096482038
6.25461387336
6.06943343103
6.43876343548
6.25935498834
6.42380267322
6.2418702805
6.23033329368
6.30388713777
6.12439441502
6.17031451046
6.15888014674
6.23013173699
6.35335554123
6.25377793908
6.1696225059
6.11275749981
6.19432768881
6.18477762163
6.10276900053
6.21300204635
6.23474083185
5.94849293053
6.24531241655
6.32558793485
6.28450616002
6.06669853449
6.20514685154
6.27618017554
5.99570816696
6.17836497188
5.98133276463
6.31036993384
6.21372194588
6.16905342519
6.00562820613
6.16452969074
6.04538539827
6.19699896216
6.02150832593
5.93039703846
6.12021694541
6.17378147483
6.08054652512
6.34168772221
6.32134903789
6.16168935597
6.01818117142
5.99814895272
6.2910129416
6.12884557366
6.02038255811
6.16056022823
6.16498995543
6.10005251348
6.10758860648
6.11468169272
6.0456015718
5.89151372671
6.00399490833
5.99992433608
6.04934735835
6.07628436804
6.08398064971
6.08944855869
6.15291144013
6.14690374672
6.27112600982
6.19986886024
6.17998301446
6.06907562196
6.11009791732
5.96950618505
6.0993242228
6.0253452003
6.054098019
6.18796609461
6.2401455754
6.16079767346
6.12311589956
6.0322924161
6.01964297831
6.17043392479
5.99533427715
6.20568247795
6.08960174084
5.92646211028
6.00500207305
6.05150939703
5.96719885647
5.94600722134
5.87536124587
6.03336786985
6.0896027112
5.96441747844
6.16709089577
6.17288413048
6.03911361575
5.9837582463
6.06791289806
6.1295004046
6.33581557035
5.89540992379
6.11179836869
6.02122030556
5.85722419977
6.07569519579
6.05575196266
5.82477217257
5.9142711997
6.07608114839
6.65064525485
6.12899417996
6.02845753908
6.04964855313
6.15496552229
5.9678835541
6.0401270324
5.95768458307
6.04191338778
6.05841620982
5.86402136147
6.12478203356
5.88126758873
6.11382299244
6.03123789668
6.11368335426
6.13840818226
5.98881967127
6.05641556919
5.95097185671
5.89423263967
6.16895052433
5.93227178752
5.82508365452
5.99336234629
5.86584089696
5.94621010363
6.08069088578
6.34173244357
5.86672277629
5.92856903911
5.9278392607
5.80350380301
5.84997141063
5.85512663186
5.86999033451
5.86793752909
5.89801402867
5.85188437104
6.24404296339
6.05892424643
5.89777099252
5.85594698906
5.93184166551
6.0584737587
5.99600804806
5.98979096115
5.95098911881
5.96945815802
6.25841064274
6.23488393664
5.87531479597
5.84006122768
6.02665722311
5.98620392382
6.14312094092
5.96712125659
5.86743877709
5.99463343382
6.27828482389
6.11131310523
6.07886743069
5.94522146225
6.02732619405
5.98196019173
5.90280360162
5.8363484472
5.9843321991
5.99234906971
5.88036466897
5.8296561563
5.96267411709
6.2077884692
5.86229841232
5.94204242826
6.17175526142
5.70054381192
5.81349527597
5.93934376597
5.83679907143
5.90528223455
5.8921526134
5.85008854389
5.91636591315
6.06851554155
5.93279773533
5.89049545705
5.80001296163
5.77123539746
5.79055289209
6.00812083602
5.91719601214
5.7758949703
5.84343043089
5.84810131669
5.78164690375
5.8328746295
5.78881097555
6.01571062803
5.92829533935
5.97867356956
6.44062591791
6.04837621033
5.69036005974
5.83834578753
5.85574084103
5.88058248401
5.81385981739
5.9751350522
5.74961333036
5.69338403821
5.80665394723
5.79702903867
5.93317463577
5.9376483506
5.76561465323
5.81511702895
5.90866610527
5.84614714622
5.94536172986
5.82427566111
5.76209183037
5.82118288398
5.91806162596
5.83222902536
5.78651816249
6.69518431664
6.04717955112
5.78620150208
5.72059427381
5.94283647299
5.93669273973
5.78967522264
5.80674648881
5.85416184247
6.13005608618
5.91509781539
5.7860534507
5.88389620662
5.7107867533
5.57370078266
5.75025855243
5.79450234771
5.95014716744
5.73534775615
5.98478325963
5.78822118819
5.69263462126
5.83315353215
5.97724063635
5.89743226111
5.85526164591
5.70567805231
5.97042748988
5.74917313516
5.8887987572
5.81904141545
5.72819473326
5.86631833017
5.87049187005
5.85726743817
5.79619176328
5.89500309825
5.91976035118
5.83162060559
5.92847443342
5.91121795952
6.40724091172
5.92771572471
5.83047832906
5.85725768507
5.77161187232
5.96500094295
5.815049088
5.64985652566
5.78722541392
5.66228149891
5.76914086998
5.97703498125
5.80395268023
5.79377050102
5.93477524936
5.86737998724
5.83432600975
5.66921528697
5.78695200861
5.80253011584
6.69027255058
6.72218748569
6.07983306885
6.11726946175
5.97604174793
5.76710888565
5.92890756607
5.7940827781
5.7262430793
5.76402007759
5.88872742712
5.85449274123
5.80233534276
6.00879693449
5.88460074544
5.78052141726
5.67810910761
5.79575699627
5.84747226775
5.76374375582
5.79415258288
5.63645307124
6.14446287155
5.8070313555
5.83277275264
5.91249498427
5.82964992285
5.69242512882
5.69855022669
5.85244430363
5.80645565093
5.84583530605
5.69362582445
5.67789044499
5.7942962873
5.76468511105
5.83700418413
5.71345701635
6.11804870069
5.84390777946
5.91771395028
5.7673142761
5.79861483753
5.76601106107
5.66983715355
5.81971377313
5.8359596771
5.71303120494
5.68250743747
5.66559152186
5.94796945512
5.59789589345
5.78475249231
5.79050344408
5.60241552711
5.85252930045
5.80366710961
5.77203819394
5.63235652268
5.69829161823
5.65771743953
5.78076255858
5.81097566366
5.84684236288
5.75498364747
5.69124312103
5.72229890347
5.9069187206
5.77208848417
5.91169875026
5.85875059903
5.7933230257
5.72825794339
5.65681759715
5.63452535689
5.69521298945
5.67346895218
5.87184063017
5.72399065018
5.70092411876
5.59856166542
5.66332368016
5.63064319372
5.62503146768
5.635252828
5.66130938113
5.71094816208
5.63974390149
5.82878872395
5.60298307896
5.74500838399
5.83513439894
5.96787353218
6.29756175995
5.79912717581
5.65453788877
5.72270356715
5.65190074205
5.61279576957
5.62538270175
5.58832525969
5.81762363493
6.42721573412
6.02439860165
6.01295755744
5.74598274112
5.66571016252
5.68516016841
5.74494616985
5.70742676139
5.71545724213
5.77939752042
5.54745111108
5.54839801848
5.80833140612
5.69317238808
5.66812210262
5.65544654846
5.66730139136
5.74667075813
6.41023937345
5.94278237939
5.77827153087
5.64258627892
5.68249852955
5.74325681746
5.65800654531
5.71185661554
5.64407372594
5.62261659563
5.79698327661
5.76635909975
5.60073921502
5.79016166568
5.55973892689
5.72445851862
5.69557950437
5.7725153929
5.52428856909
5.71051338732
5.67663777828
5.84801708519
5.62984907568
5.68660078645
5.71499205291
5.53709354043
5.77935915053
5.63901079178
5.74801619291
5.79107947409
5.76127355456
5.61789371073
5.58002892196
5.6649449271
5.62656541646
5.61169217765
5.57636014402
5.81553721011
5.66060607016
5.79680034339
5.82416435242
6.05832818747
6.33251062453
5.66015449405
5.69354680002
5.67174484193
5.73620694458
5.62877477825
5.69388402224
5.62316328228
5.49526166916
5.54165514052
5.65858137906
5.78922619581
5.72209817231
5.63517427385
5.63674896955
5.65354027331
5.62734191358
5.59231796682
5.7366110146
5.53349229515
5.6553343457
5.46084339321
5.62101934731
5.61978236794
5.66430919051
5.67800310433
5.61000948489
5.60326332211
5.47240746081
5.8346892029
5.63150315583
5.6652274543
5.62519400418
5.5502345407
5.65736494303
5.59803473175
5.52187586963
5.76695292532
5.57579280376
5.60792080641
5.59735467792
5.48941450953
5.69918752849
5.6166251725
5.66874228299
5.609843207
5.82491509914
5.45848422766
5.61750965953
5.74081613719
5.48898370504
6.13547173738
5.60983592093
6.16688944638
5.69229686856
5.81723645329
5.53675866306
5.53938782811
5.53360283256
5.49127399921
5.47985254347
5.60536316454
5.61949276865
5.63522146225
5.68483076334
5.45180754483
5.57442722082
5.65476150215
5.47590923607
5.52796905935
5.64540097654
5.53726845384
5.54728536725
5.61521920681
5.65497271121
5.66673059285
5.60407903731
5.63551110506
6.0349068439
5.7617491591
5.59416307747
5.61856044054
5.63305138469
5.66878886402
5.52760277331
5.74129465699
5.65351767004
5.64309163213
5.66559461594
5.57597604156
5.77870986521
5.57383189619
5.60391940355
5.62618326962
5.47959378958
5.68264400244
5.63911760986
5.50423786223
5.53019105434
5.49539910555
5.81542307019
5.69511767864
5.6036033833
5.39504279077
5.48393555939
5.4927883929
5.42171040893
5.37953530192
5.54010675192
5.55811752379
5.47445782185
5.56459693372
5.48231257141
5.63907862782
5.47418372571
5.56660845339
5.47787703097
5.62206896067
5.52192668736
6.32606238604
10.2449383152
17.897128607
14.0996226966
12.0419463539
10.9604350162
11.2130452442
10.4691500044
9.54788964987
10.511248982
9.98358811617
11.8494333458
31.9440490937
42.7746337414
57.5972858095
49.8617134237
39.1454900074
33.2300260401
30.7342429066
28.8955921268
26.9701893187
24.8692561078
24.9662768459
22.8311655903
23.1667255425
25.031036191
24.4058208442
23.1688005424
21.5571135211
19.8122817111
22.3124914145
23.2137151313
25.0288501048
22.0701876116
19.4958628392
18.2420473909
17.337942884
16.4467689872
15.3311137533
14.5569666028
13.7772671413
13.4089677405
12.6713111258
11.8093218124
11.8378836501
11.4307832837
11.0817260969
11.1482597983
10.5790666401
11.444062767
11.6321200073
10.6956272125
9.90794637561
9.79847009659
