0.581688464224
0.490221983284
0.430639738604
0.394538883418
0.364462669984
0.351436633125
0.340348162055
0.325210704327
0.316340690359
0.306718777895
0.302742804989
0.300821684301
0.294800833188
0.28781454353
0.28929037682
0.283746082559
0.27890558742
0.272254125737
0.272817625634
0.27204085923
0.269904363565
0.266620764934
0.266574100822
0.264112055682
0.267496730864
0.26620931197
0.258249350607
0.256812489316
0.256392528556
0.254438201338
0.249616275005
0.253013121717
0.252583116814
0.252711484842
0.248969544813
0.250201500647
0.248633040003
0.249223767884
0.250434562005
0.248273754984
0.244361152112
0.246735085726
0.239804194838
0.242335364386
0.241679017276
0.24072864639
0.238215445183
0.244136273436
0.239183189079
0.242153215267
0.238803654522
0.242613280445
0.239899715863
0.237692997642
0.240882448293
0.239952710494
0.237978546888
0.238359372482
0.237234523721
0.238326017298
0.237906292416
0.23722380992
0.239937829971
0.232822912641
0.237190228835
0.238217219956
0.234591842502
0.237170329317
0.236464144193
0.232504202619
0.230179742634
0.238354142606
0.232358721495
0.234248620078
0.229387051642
0.234614022478
0.230447247311
0.230494578697
0.230733379059
0.233696504049
0.232496722572
0.232774670359
0.230646424904
0.234312887423
0.234159362927
0.231365960069
0.231167261027
0.235166647233
0.231381826118
0.228442702599
0.234528054304
0.229643845744
0.229278675869
0.230057685196
0.230437876463
0.22960465017
0.230057318904
0.230948516779
0.22760757374
0.230740073904
0.231624402419
0.227669250272
0.232476625882
0.224979816638
0.230500726864
0.226726094887
0.227091082059
0.225288150698
0.229831634
0.232450689793
0.2266024841
0.226547713585
0.227487996809
0.226623797983
0.225736999437
0.227741991568
0.230092503883
0.223529312827
0.228810263634
0.224427400686
0.229486815244
0.227035519965
0.22829098206
0.227674222827
0.224293998428
0.223627880678
0.223954028048
0.223975792237
0.229287444465
0.226267243773
0.227557329021
0.223989726134
0.21627389171
0.22316565045
0.219600113809
0.217976996601
0.22300266397
0.221318742253
0.221575112991
0.218501160719
0.218141725905
0.219794154428
0.221091021277
0.217104352772
0.218601596273
0.217661000997
0.215936971448
0.221620720208
0.221171545539
0.220324102372
0.218552162461
0.219264650613
0.21832807035
0.216752516232
0.216161999978
0.219433643207
0.220116668232
0.220332021646
0.219339112759
0.218567314029
0.212013933145
0.214894379288
0.217971828237
0.21890317183
0.22124690973
0.218759920605
0.217043943658
0.218550929949
0.219661260687
0.215902443841
0.219662448734
0.215107530683
0.215012271941
0.214130500764
0.216873751581
0.218931645408
0.216780872032
0.216759299278
0.219207600608
0.219031140544
0.217806153342
0.222070167616
0.219370832942
0.216294127613
0.215740756549
0.220588889226
0.218393950157
0.216176992759
0.218657257393
0.215597907707
0.217916109383
0.219008555941
0.215910033874
0.214418687187
0.212203021735
0.221011159852
0.218178477645
0.216011728793
0.220458346784
0.216215907924
0.217943016559
0.214376907401
0.217321662582
0.222280285127
0.219417778306
0.214873534806
0.216695986532
0.215802123897
0.217600159876
0.218880919717
0.216975863591
0.216311026052
0.218993003868
0.218317740843
0.216590057347
0.217582164519
0.21852590967
0.215760758646
0.217632499695
0.215039522134
0.217354085088
0.213935224622
0.218965347238
0.215951458529
0.218443753585
0.215491990797
0.217885388378
0.21899405434
0.212700702757
0.215720317163
0.214745991684
0.214969264582
0.221978762366
0.21843924772
0.214352723114
0.217554973707
0.215174240023
0.218525446355
0.219262727261
0.220036251791
0.215271558598
0.214666882303
0.219732036591
0.215812353998
0.215642371871
0.211021357112
0.215699892521
0.214448636323
0.219543003611
0.217076725498
0.211927619368
0.216596208982
0.212817220449
0.22392552387
0.217310044006
0.220612587124
0.21803533373
0.216982322954
0.22099379871
0.21579579924
0.218448240064
0.218493246257
0.218696316965
0.214288272046
0.218841291465
0.213934590161
0.217206047036
0.213052615903
0.216004622303
0.216368642289
0.216022045568
0.210841411985
0.216363314502
0.217877226934
0.218438125715
0.218040255018
0.215454300731
0.217047953002
0.219453855172
0.217902734421
0.219635526821
0.215562043533
0.218070035502
0.217030420162
0.218707568496
0.217086967975
0.219759352319
0.220230963159
0.215130362324
0.218458633259
0.219007965267
0.213592112899
0.215104811572
0.217367009208
0.21485447561
0.217321250767
0.215520089798
0.217833465151
0.21660163226
0.217203313023
