0.699578125
0.779375
0.81290625
0.832515625
0.846984375
0.849734375
0.855109375
0.8631875
0.868703125
0.873
0.874859375
0.87446875
0.878234375
0.881421875
0.88184375
0.882875
0.886078125
0.888203125
0.88725
0.8890625
0.89040625
0.890578125
0.891828125
0.891890625
0.889328125
0.8895
0.8939375
0.8948125
0.895828125
0.89721875
0.899015625
0.89771875
0.897125
0.897078125
0.8983125
0.89890625
0.898921875
0.8981875
0.89871875
0.899
0.901234375
0.900078125
0.90296875
0.902125
0.9021875
0.902328125
0.904484375
0.903421875
0.903984375
0.902546875
0.903140625
0.903
0.90321875
0.9040625
0.901890625
0.90221875
0.905953125
0.90453125
0.905328125
0.90540625
0.902921875
0.904109375
0.902640625
0.906875
0.905890625
0.904875
0.90540625
0.90534375
0.90425
0.90715625
0.90815625
0.903625
0.905421875
0.905734375
0.908421875
0.90646875
0.906875
0.9068125
0.9065
0.906515625
0.9065
0.9060625
0.90821875
0.90675
0.9068125
0.908625
0.9076875
0.9050625
0.905328125
0.908046875
0.907109375
0.908
0.90846875
0.90815625
0.908015625
0.907234375
0.908734375
0.907328125
0.908421875
0.907953125
0.90803125
0.909578125
0.906703125
0.912859375
0.907265625
0.910015625
0.90965625
0.90984375
0.90815625
0.906671875
0.909953125
0.908796875
0.909046875
0.909484375
0.91003125
0.909828125
0.908140625
0.90953125
0.909171875
0.911171875
0.9086875
0.909546875
0.908671875
0.908140625
0.911296875
0.910703125
0.910828125
0.911078125
0.908078125
0.909671875
0.9090625
0.9098125
0.914640625
0.91240625
0.912640625
0.91275
0.912125
0.91334375
0.91325
0.913546875
0.914109375
0.9129375
0.912328125
0.91309375
0.91334375
0.9135
0.914921875
0.91146875
0.913578125
0.91346875
0.912453125
0.914125
0.91340625
0.914
0.912921875
0.912875
0.913609375
0.9116875
0.912515625
0.913375
0.916140625
0.91540625
0.912796875
0.912421875
0.912015625
0.914
0.91465625
0.912796875
0.91325
0.913453125
0.912796875
0.914390625
0.914296875
0.91540625
0.914375
0.913265625
0.914171875
0.91421875
0.913515625
0.91378125
0.91353125
0.91190625
0.9130625
0.91390625
0.914234375
0.912171875
0.9146875
0.91475
0.9136875
0.91440625
0.91321875
0.91346875
0.91465625
0.914890625
0.916625
0.912125
0.913265625
0.914078125
0.91275
0.9135625
0.91359375
0.914859375
0.914859375
0.9115
0.91246875
0.91425
0.914671875
0.914140625
0.914953125
0.9135625
0.91434375
0.913140625
0.91325
0.912546875
0.91271875
0.912984375
0.913265625
0.91396875
0.9125625
0.915078125
0.914453125
0.91521875
0.914
0.913953125
0.912203125
0.914421875
0.913765625
0.912390625
0.915984375
0.9139375
0.915734375
0.915984375
0.911453125
0.91409375
0.915625
0.913515625
0.9143125
0.912859375
0.912453125
0.911828125
0.91596875
0.914375
0.91171875
0.913515625
0.913875
0.91640625
0.9141875
0.91515625
0.91259375
0.914359375
0.916203125
0.914546875
0.91578125
0.91259375
0.912484375
0.910484375
0.913359375
0.914296875
0.912484375
0.913046875
0.91303125
0.914828125
0.9131875
0.91490625
0.914046875
0.91475
0.913515625
0.914703125
0.91440625
0.913359375
0.915546875
0.916109375
0.915046875
0.912921875
0.9135625
0.91490625
0.915046875
0.91390625
0.913203125
0.913234375
0.913546875
0.914078125
0.913203125
0.91353125
0.913984375
0.914234375
0.914015625
0.913484375
0.9149375
0.912125
0.913640625
0.9153125
0.914734375
0.9129375
0.915578125
0.913546875
0.915015625
0.912984375
0.913921875
0.913453125
