958.334330864
295.816280403
191.916045361
158.957080975
133.94449028
125.21631403
114.57101984
102.145363169
93.2178902531
84.487877655
79.7740613556
73.2609319305
69.1285479164
66.1909250164
64.211378684
63.22125278
61.9229118156
62.9574142599
56.6800823593
55.4662333584
54.1926453304
61.2142221642
54.4661476851
48.6211064672
49.7578952408
47.0974799252
48.4271257782
50.1523460627
45.2925399828
45.3252128887
44.6284725571
45.1919217539
42.692336216
43.635556469
43.4868545055
41.5376741862
39.8778019476
60.3012185383
61.1062040806
52.1169418383
48.2632309246
39.5966843462
44.6654802513
41.4349166489
38.0254506993
35.5407190943
35.8087665892
41.806177845
35.7040678072
33.2444394445
33.4120774078
34.8160474539
32.9175793314
34.1119715261
33.7875792146
31.278849411
31.452798059
31.3822895908
31.653548975
48.0801947594
50.2842122984
50.1956820917
45.8386351633
37.4940135002
34.3871578979
32.8029284811
30.7000349426
30.9046886778
29.6267155242
28.2782927871
28.2871176147
27.2087061596
24.9384802842
24.2469586492
24.7258652711
24.2066691351
23.8223640347
24.4920708537
23.9552862144
25.455100975
23.1994715834
22.5421660209
22.8667129016
22.6791670227
21.8332550216
22.5264125609
20.9976061487
21.6771609449
22.0184075618
21.5143200922
21.5966213846
20.6006616259
21.221853261
20.4981127834
20.033216846
19.9859276509
20.7260626173
20.3910307765
19.7799343944
19.6916133213
19.8861239147
19.5259546328
19.0358999991
19.0902061605
19.7871011567
18.4596627212
19.1333800864
19.3257641435
19.091833787
18.3678058863
18.7259706712
18.5968670368
18.6676469922
18.2061298823
17.845696969
18.248971045
18.9024470949
17.8760693407
17.3824192727
18.0316544199
17.9260666585
17.7323756862
17.5649529958
17.3294023705
17.8488729048
17.9839045596
17.3181780124
17.2724983168
16.8364522076
17.1321708536
17.6100628209
17.1261046863
16.8791742659
17.4476053905
16.8177248049
16.5603520226
16.3738891792
17.0703400087
16.9723365355
16.0116632152
16.3171214139
16.3184141374
16.3016577315
16.0038021398
15.8597264719
17.1305273294
16.3011987901
16.4877326274
15.9460568666
16.0396479678
16.0712101531
15.7807577109
16.0424098325
15.3010219288
15.0999641442
15.3574431157
15.736069386
15.0504212034
15.8126148105
15.3288862085
16.175410018
15.5277164936
15.1502875161
15.6305873942
15.2948723102
15.4273318779
15.5257741451
15.3423028946
15.4788048029
15.3034318542
15.8308452284
15.3420303965
15.1550212526
15.3299857807
14.6589510643
15.1165517855
15.1214729071
15.0003353488
15.1951397192
14.7656779945
15.0033423543
15.0304232514
14.8239522505
14.9946746325
14.55572191
15.8960667658
14.883825444
15.0623657322
14.7281816697
14.9830833483
14.6087479484
15.0817286301
14.2936279702
14.9294313216
14.656453234
14.885538671
14.4862126017
14.6503869653
14.1100261712
14.9749654841
14.7768294442
14.3965985775
14.7712353969
14.1931210554
14.6393678188
14.6962316036
14.4480008864
13.9057033992
14.5504924142
14.1697155988
14.8835374439
14.5313657463
14.2562747467
14.2182547522
14.6618148696
14.7844904566
14.6578811014
14.7861849463
13.714649955
14.0684765327
13.6711324477
14.2493404973
14.4658001328
13.9661647105
14.4474883747
14.1158558631
14.037707597
14.3164944196
13.7015879333
14.3206574547
14.0736353207
14.4708995974
14.0688918424
13.9399939787
14.4658660042
13.9523868215
13.7313950062
14.1075401759
14.3365676498
13.7647654521
13.6985947526
13.9652067339
13.9306692278
14.0095606542
13.9207299554
14.3949748278
14.393280437
14.3400934851
13.9612714624
14.2645652699
14.0899867988
14.3024338865
13.8558911347
13.6346196711
14.5425654125
13.4516239989
13.9606765759
14.2000485611
13.7950297642
13.7779675078
14.008020246
14.0189049459
14.1937274742
13.3563819098
13.8898290324
14.1038413501
13.4913257551
14.1807716358
13.6478094661
13.6976575339
13.4922827828
13.8153918731
14.0660005045
14.4251822019
14.2184745061
13.5865253389
14.2112578464
13.7145684135
13.2503212023
13.1421357501
13.7519682384
13.7106761348
13.6997847486
14.041709919
13.7988910604
14.173990165
14.3401237535
14.1843924212
13.935121882
14.0810520017
13.8769466519
13.4845466113
13.7789791501
13.6724294686
15.7345345962
13.7757666349
13.4326113129
13.3084372616
13.5701492488
13.7727777922
13.5158349264
13.9724805224
13.2858880043
13.6755030143
13.2819898105
13.4987247598
13.57834589
13.2164611661
13.4238016081
13.5769684482
13.6278207457
13.5020831573
13.6060635495
13.4855946481
12.9647662199
13.0716380382
13.7286603963
13.8202995539
13.3477254844
13.3785952079
13.9462810993
13.3057115936
13.7508430028
13.4163999343
13.6645526183
13.8565027022
13.6266344774
13.3752274799
13.9640542126
13.2776271808
13.682328223
12.9585691381
14.2392600787
13.4436879325
13.7020240819
13.6327635276
13.3037717438
13.3877245188
13.7766110754
13.0421839285
14.0321221864
13.5039000285
13.5203072679
13.4607347643
13.3780910206
13.3851366019
13.0427603972
13.2853393114
13.0293556702
13.0124525332
13.3886363542
13.341552031
13.0137343609
12.907089262
13.4131905282
13.2581587827
13.8662281895
13.3606785524
13.2972207046
13.3474621344
13.2443592536
13.1254477751
14.4011944056
13.2966551411
13.3359853995
13.102981497
13.4354170525
13.0556630003
13.4291097832
13.250087024
13.1080200458
13.0534806848
13.1027541327
13.4484431243
12.9895542109
13.4508009064
13.5765813065
13.832547406
13.5936876917
13.2975391734
13.0776379418
12.9101865113
12.9012191844
13.4887431502
13.2029541254
12.9757239234
13.0643468785
13.5032759154
13.4842529488
13.4930306137
13.3959697855
13.1844133818
13.383230207
12.7703108919
13.0802556181
13.1177308464
12.7145184982
13.3036040294
12.9805937946
12.7551367044
12.9614506197
13.4852894711
13.4350322604
13.2405858624
13.1848692214
12.9854636014
13.60177984
13.6944589448
13.0435828543
12.8559367144
12.9003730965
12.8421902359
12.4502594006
12.4927510512
13.1687226808
13.3850213981
13.6897749972
13.0139346445
13.0231629694
13.2546082377
13.2457114565
12.8999292278
13.2783530557
13.0339763093
13.3001037157
13.3265368652
13.1633212161
13.1264127052
12.5633164692
12.8949983788
13.1775821769
12.8806570733
12.8999832737
12.3188080812
13.2443692327
12.7461046469
13.2846019113
13.364664309
13.5639489126
13.195505923
12.6297537732
13.2302189648
12.3985849512
12.3894566369
13.495710417
12.6882396972
13.1308385384
12.4057101309
12.643259151
12.9193992031
13.0630310059
13.1873822868
12.9317746723
13.2212360024
13.6500419021
12.8816923332
13.0682757795
12.8169609845
13.2282305849
13.261916151
13.2520198548
13.1310539579
13.033506856
13.0741488326
12.912854116
12.7568021166
12.5239576256
12.883614769
12.6847824216
12.7173297262
12.6811273181
13.114526639
12.5035348558
12.7223464036
12.4977548289
13.107169553
12.7403607237
12.3009963775
12.8398544693
12.8865844107
13.0714506185
12.8033124626
12.9228427041
12.6197684693
13.0503172672
12.8707724392
12.7858790541
12.4690501213
13.2626074636
12.9746326661
12.9115616918
13.2854425108
12.9885892832
12.8947545397
12.1611491525
12.4471278965
12.6966869664
12.83115358
13.2812240851
13.4678590441
12.7594060493
12.4679626298
13.4531912732
12.972223165
12.740595932
13.0319853497
12.9067361867
13.2530386817
12.7156156242
13.3806470931
12.9688588309
12.6517148936
13.1755045426
13.1618659151
13.5010585082
12.975831809
12.3446845973
13.1070837581
13.0501915634
12.4592978358
13.0024618375
13.0099730873
12.4561146736
12.4995119417
12.6778516674
12.6298631561
12.5423603714
12.6794381225
14.9169226575
12.7429515874
13.4103233266
13.2270204973
12.8132949317
12.9905131507
12.7595610225
12.7102752435
12.5134007907
12.8104481542
13.0066770256
12.4829238796
12.7919216311
12.5178455818
13.0909762442
12.6421780288
12.9959133029
13.092633599
12.6487304449
13.068420949
13.1043302274
13.1034930563
12.8554274845
12.8463474762
13.3581185961
13.1339628935
13.6001294518
13.5631909633
13.0163085234
13.4138728833
13.0244633412
12.9317863619
13.0402971292
12.7588658631
13.0357562935
12.9797325027
13.0022087586
13.3474046063
12.8478271484
12.8682771504
13.1092885745
13.1204666281
12.8502202415
12.2578526866
12.9571396995
13.0037686229
14.2043055987
13.7761366463
13.0048154342
13.2956077313
12.7660451806
13.9780605817
12.6523293459
13.0093959856
12.9010800779
12.8462119031
12.8661241531
13.1700374162
12.5435882735
13.0913273299
12.6514652252
12.7715541029
12.9512950432
13.0133994794
12.9960630631
12.9168394256
11.9167964494
12.8289790297
12.9302337503
13.2032267845
12.8898990619
12.9502426314
12.783211236
12.2718801069
13.0970681512
12.8358686972
13.2066326451
13.0821117818
12.9578439832
12.8440211535
12.7246361804
12.7219341195
12.9349359143
12.9015848517
12.7795166504
12.7464823115
12.5329812241
12.6152855301
12.9189573336
12.8494921422
12.7891292584
12.5693063319
12.4605714393
12.9355371904
13.2860630739
13.1243778241
12.4574066746
12.435454551
12.4309289396
13.0396700323
13.1263232613
13.0630770588
12.6627480102
12.3122407973
12.5978696012
13.0135083318
12.6425895846
12.4545696449
12.6091897571
12.2979322886
12.4026766932
13.4835458362
12.7971134889
12.3926155078
12.5601143754
12.6709399819
12.6231647372
12.7697344959
12.8742546964
12.710550859
12.9707238376
12.6277292073
12.8670826435
12.466070646
12.144949708
12.4422432959
12.719065578
13.3294200981
12.4853365219
12.8219934893
12.5034597933
12.5560919166
12.5601077902
13.0251089537
12.0211979389
12.6128574359
12.5492160583
12.3351034868
12.7469911158
12.9834624588
12.7466046906
12.737934252
12.6843392169
12.4511452389
13.1687415683
12.6893142486
12.9344912755
13.0293036234
12.5558626342
12.7155669141
12.7381822777
13.1828210258
12.1862069118
12.9163525641
12.7972784436
12.5356225944
12.4519476914
12.9715233088
12.5445763838
12.493439213
12.5686168206
12.3895329165
12.3665028763
12.8729881692
13.2759661222
12.9956912673
13.1326300108
12.6574575818
12.3155471075
12.5820494556
12.3582493341
12.7906132901
12.6866501963
12.8879167199
12.3666522205
12.3820658982
12.9249974573
12.5301133466
12.4659796429
13.2533704817
12.7817389071
12.5028106987
12.9240543985
12.477308687
12.5992785311
12.4302640152
12.0645666313
12.6881933153
12.0500430369
13.2289678276
12.8766251087
12.7988253033
13.0964784384
11.8825992763
12.4682512212
12.4549518287
12.7210980916
12.8163749921
12.5617262876
12.7210584295
12.6991143644
12.9086843562
12.661944344
12.8255987716
12.7992210734
12.4130198956
12.3385926521
12.7086096776
12.6440108943
12.7350497949
12.7141427207
12.416692127
12.1598380876
12.3483503866
12.5306807828
12.7804181349
12.6912070036
12.696342051
12.6058333051
12.887236402
12.443202554
12.4720571256
12.642225343
12.9859744954
12.1258827698
12.6630669379
12.6515179181
13.1160290921
12.7160922897
12.7034289753
12.1881518555
12.559244647
13.873223263
12.9641534078
13.1291930854
12.982204535
13.147061522
12.3634452128
12.968230114
13.2101212704
12.745445236
12.5979154134
12.9337844169
12.637190274
12.4752567768
11.9104651344
12.6174501348
13.0164615703
12.3726556647
12.1476914597
12.5644234955
12.9249570131
12.6546127725
12.9032549798
12.720441854
12.8831038725
12.5790144289
12.0320504475
12.7088406622
12.1168638062
12.5563472092
12.1539668024
12.4086577594
12.7734707904
12.2091679525
12.8051012945
12.4727442062
12.4438626075
12.5842212629
12.8545383787
13.2182310224
12.5555783343
12.9905096757
13.0460010052
12.7023447919
12.5601741219
12.3837749434
12.6783005393
11.9859246421
12.0828679287
12.7027318478
12.6756020355
12.2244913685
12.4003019071
12.4094466043
12.6341011345
13.0278550315
12.8231425393
12.5275485337
12.6782250631
12.6658013546
12.6911132073
12.1578993165
12.2104128003
12.643103621
12.8193563092
12.4185411525
12.5933319223
12.2617929208
12.4410205841
12.8419477892
12.729206934
12.7125064707
12.5938284123
12.4495031726
12.3809387505
12.4335964382
12.3729150748
12.3862741411
12.5677883363
12.2573200071
12.1572038257
12.4523691607
12.6456821394
12.3508426666
12.207621336
12.1517839491
12.3945437276
12.5751046622
12.1301984477
12.0139064562
12.6180583513
12.435580759
12.5994478762
12.3724952388
12.2623035443
12.6894924462
12.7667080939
12.6677256811
12.0854465652
12.2338276303
12.4256505382
13.0372051561
12.3552570891
11.8772129738
12.148500278
11.8238387454
12.344545176
12.1233077931
12.4188504851
12.3937285686
12.4107090843
12.2601837718
12.1969421196
12.6237003005
12.2288270962
12.0338662422
12.3999052322
12.4854182673
12.4046109188
12.1381449378
13.0993562293
12.4844924212
12.4716480112
12.4019022572
12.7373045552
12.2291972423
12.2635553157
12.5045606232
12.6173264098
12.4630574679
13.0693838596
12.7324392247
12.4454808688
12.4571947861
12.1722181427
13.2141245806
13.2898375189
12.7232039583
12.558898443
12.6220444465
12.5037421405
12.5934450567
12.729592427
12.600518775
13.0817963696
13.0463830769
12.5193891525
13.0295846128
12.8361983287
13.0114354277
12.6318703258
12.9157569611
12.1334218252
12.6244234121
12.8869412148
12.310882988
12.7564644265
12.3432751489
12.1305379927
12.3893170917
12.0458306396
12.2254746222
12.5858769357
12.8285919893
12.3341558874
12.3813465381
12.3939126945
12.202456944
12.4040556419
12.6676482725
12.1385549545
12.3666273868
12.2566804612
12.3877443326
12.9995623279
12.4315846467
12.3600192273
12.3316664016
12.4755485308
12.5077542865
12.3649793518
12.3557049513
12.2407830262
12.158207854
12.5349486566
12.3539307141
12.2614082432
12.1747995698
12.9367675173
12.9427263057
12.4128624487
12.2486460221
12.2831550014
12.2328584528
12.6211083806
11.9388552189
12.4140644419
12.5145048952
12.3905867612
12.2698371327
12.1245357156
12.3665288913
12.3234412241
12.6689280975
12.1143677032
12.4130622029
12.7253945792
12.9123756135
12.424106797
12.3269077742
12.5414697146
12.7132848108
12.4243050218
11.9812111998
12.3348677063
12.0835672987
12.4789180541
12.3537250257
12.3333783281
12.3407580841
12.2771187031
12.0653843522
12.4636727691
12.3623459935
12.228890878
12.7667273891
12.2783219695
12.5253371704
12.5111636853
12.3764109945
12.441956501
12.6392532432
12.6608599174
12.5746746111
12.5187667203
11.9333848345
12.3508707273
12.9126691163
12.3887036061
12.80346156
12.6801768351
