0.760109375
0.848984375
0.878125
0.8904375
0.89984375
0.9029375
0.907296875
0.911203125
0.91321875
0.917078125
0.919296875
0.919140625
0.919609375
0.922703125
0.923828125
0.9231875
0.924671875
0.9245625
0.9245625
0.924171875
0.92734375
0.9278125
0.927859375
0.928953125
0.928953125
0.9294375
0.929875
0.930984375
0.93178125
0.930453125
0.930109375
0.932734375
0.93178125
0.930828125
0.930203125
0.9321875
0.93425
0.932421875
0.9326875
0.933078125
0.933171875
0.934375
0.933453125
0.934890625
0.933578125
0.934609375
0.933953125
0.93571875
0.9345
0.935453125
0.934890625
0.9349375
0.935453125
0.934390625
0.936390625
0.937
0.936203125
0.937171875
0.935734375
0.93715625
0.936671875
0.936484375
0.936875
0.93671875
0.93734375
0.93728125
0.937828125
0.93784375
0.937828125
0.9380625
0.93575
0.93675
0.938625
0.938421875
0.93746875
0.9381875
0.939953125
0.938609375
0.938046875
0.937734375
0.941
0.93884375
0.9405
0.938609375
0.937453125
0.940203125
0.94109375
0.941390625
0.940546875
0.940921875
0.9423125
0.941109375
0.9415625
0.94265625
0.942359375
0.94121875
0.94165625
0.941359375
0.94228125
0.94296875
0.9436875
0.94234375
0.9430625
0.944078125
0.9423125
0.94221875
0.94371875
0.944390625
0.942234375
0.942765625
0.94225
0.944015625
0.942125
0.943484375
0.94246875
0.943609375
0.9441875
0.943484375
0.942484375
0.94471875
0.941671875
0.942796875
0.944109375
0.943875
0.94528125
0.943609375
0.94396875
0.94278125
0.9435
0.9438125
0.943390625
0.943890625
0.9445
0.9425
0.945140625
0.943546875
0.94384375
0.94546875
0.942953125
0.944140625
0.942953125
0.944609375
0.94303125
0.944671875
0.944921875
0.945125
0.944078125
0.9444375
0.944453125
0.944296875
0.94440625
0.945453125
0.9429375
0.945296875
0.944984375
0.94584375
0.944625
0.943921875
0.9456875
0.945015625
0.94625
0.94578125
0.9458125
0.944359375
0.944546875
0.943328125
0.944546875
0.94403125
0.943640625
0.944875
0.94365625
0.944703125
0.94509375
0.94425
0.9449375
0.9461875
0.94553125
0.945015625
0.945671875
0.94521875
0.945265625
0.944515625
0.94415625
0.945453125
0.944671875
0.944234375
0.944890625
0.943953125
0.94509375
0.94646875
0.945734375
0.944484375
0.9453125
0.944671875
0.944296875
0.945921875
0.94421875
0.944578125
0.947
0.94521875
0.946671875
0.94615625
0.944390625
0.945828125
0.94359375
0.944296875
0.945484375
0.944703125
0.945359375
0.9448125
0.94415625
0.9439375
0.94509375
0.945796875
0.944921875
0.9465
0.945890625
0.9429375
0.945703125
0.94484375
0.945640625
0.942703125
0.9456875
0.9441875
0.94375
0.94546875
0.94434375
0.9429375
0.946
0.94521875
0.94759375
0.9465
0.944765625
0.9439375
0.944515625
0.944953125
0.945875
0.94590625
0.94465625
0.944578125
0.946765625
0.9445
0.94428125
0.943796875
0.9445
0.944078125
0.945484375
0.9459375
0.94571875
0.94434375
0.946625
0.945265625
0.945171875
0.944703125
0.946734375
0.943890625
0.944984375
0.9461875
0.94553125
0.944953125
0.944734375
0.94546875
0.944984375
0.947140625
0.9441875
0.944375
0.945546875
0.9478125
0.9443125
0.943375
0.946859375
0.945875
0.945453125
0.94575
0.9446875
0.94553125
0.945390625
0.9440625
0.94325
0.945984375
0.9449375
0.9463125
0.943828125
0.946171875
0.946640625
0.945328125
0.94578125
0.945453125
0.946421875
0.94453125
0.944484375
0.944703125
0.947015625
0.94446875
0.943828125
0.945234375
0.9456875
0.944109375
0.9444375
0.94453125
