0.497323892832
0.347881372526
0.29156708914
0.26540683417
0.246652499072
0.240160179965
0.230022527367
0.222445291124
0.217398260992
0.2089071889
0.205916746475
0.203912261449
0.201889767457
0.196228784025
0.193545703933
0.193769652616
0.193233926535
0.189431476768
0.191602275614
0.190445448648
0.184727773916
0.184517737426
0.182592901181
0.181880890869
0.181902215417
0.180745068738
0.175803008728
0.176107837804
0.176539534524
0.178418257069
0.179715343267
0.172722668353
0.176518237479
0.176849573795
0.177826258067
0.17317934515
0.170431423571
0.174072428031
0.173895529442
0.172107339595
0.171910329334
0.168498472914
0.170842592735
0.167931665912
0.169380511321
0.169482202809
0.167257169582
0.165856248938
0.169624559745
0.166167705622
0.165967808563
0.165976709146
0.165482616417
0.169525974296
0.162507822055
0.162772533678
0.164245518863
0.164231606841
0.165571285833
0.161287609436
0.163373975292
0.163620637704
0.16244366974
0.162450522747
0.163332666285
0.16436033522
0.163882490329
0.159850722436
0.160669351622
0.157447857793
0.162655551672
0.163447993156
0.159318477772
0.160091041382
0.163545618795
0.160745697096
0.15476076502
0.160788026452
0.161202048667
0.161287389852
0.15511814983
0.157806352928
0.155634906329
0.160699169729
0.159721960068
0.155802120835
0.154547610983
0.152104796441
0.154470773282
0.152256210234
0.150650169803
0.152053142253
0.151827425875
0.150148194026
0.148918183856
0.150011536356
0.150759997111
0.149742329754
0.149827210696
0.146882101072
0.149624295369
0.150877521675
0.148008274332
0.145846293744
0.148826548148
0.151404495247
0.146647057377
0.144837171193
0.147697817618
0.146006218143
0.148895183746
0.146489204623
0.14676011746
0.147120315127
0.150835377548
0.145538426498
0.145304792902
0.146847992886
0.148882933062
0.144692715866
0.148963355049
0.148910338711
0.147028141342
0.146818413109
0.144663625084
0.147998110082
0.14567014093
0.148656963509
0.147240120463
0.14535844579
0.146266092345
0.146816541161
0.14463436451
0.149191211637
0.142121125922
0.147503572013
0.147295986567
0.144488558758
0.149852090307
0.145398484007
0.147939071212
0.145277939424
0.146848387728
0.145782629102
0.147280010762
0.143549572904
0.146528906506
0.145798147682
0.145898964893
0.144916439967
0.143902543563
0.145350199711
0.148524487186
0.143034003986
0.145107792228
0.14163575545
0.142742463795
0.144740422342
0.141672324337
0.144088596798
0.140863074157
0.143073416961
0.142556570413
0.143541774333
0.142694065154
0.146360785671
0.142813511966
0.145797995914
0.144909798849
0.144014801268
0.145098159797
0.143286751203
0.143548716079
0.141821618039
0.143157170158
0.139561950199
0.143543041281
0.142752854088
0.142824556569
0.144297207147
0.141380453212
0.144023717487
0.144865081262
0.144963760223
0.144904236298
0.144377508935
0.143186309833
0.144220403135
0.142402578481
0.139145660939
0.143686466245
0.142346096646
0.144010843445
0.143981403176
0.14410601522
0.143136978865
0.14326488746
0.145648535401
0.139656784724
0.142282728422
0.141481244951
0.143623011552
0.143142556325
0.140665954053
0.145425359473
0.141292947853
0.141369480636
0.143351420822
0.14226294503
0.142036199432
0.146284650931
0.145472457133
0.142723703569
0.140312176436
0.141929751525
0.140040589571
0.141484263111
0.144966174643
0.140833894875
0.143193813946
0.140905874141
0.147426949626
0.143331365259
0.14525033506
0.144834948214
0.143314914729
0.147112565355
0.148370146222
0.141210094748
0.143100748658
0.139356464531
0.139807905005
0.141939105459
0.14619022445
0.143214832805
0.142045355868
0.141182332009
0.141555028191
0.145844907239
0.143126348222
0.139825578868
0.145274886915
0.145647388875
0.145022932906
0.143703157511
0.144036437895
0.142234448232
0.140584066058
0.141139946841
0.142633759988
0.140887877937
0.142343498848
0.144870155431
0.142638101319
0.139015573254
0.143836854521
0.143204786912
0.14308019788
0.143229853434
0.142849146642
0.14382668311
0.141573318914
0.140691607123
0.140475100204
0.144532818582
0.14127555922
0.141183462588
0.136078921642
0.144893530749
0.142168164836
0.138093582176
0.140609716482
0.140924865564
0.142287693683
0.144181237713
0.13912134007
0.142445593454
0.142872402498
0.147174568128
0.142313607031
0.143148384806
0.141786964091
0.145937664971
0.140286652513
0.140715299174
0.143050341165
0.143681358039
0.141399615288
0.141524568612
0.142858296525
0.143770163935
0.144550287718
0.141540251102
0.143821030289
0.143644811789
0.143361811001
0.140073868243
0.144541403282
0.145085709343
0.143169877958
