0.7973125
0.8770625
0.894578125
0.90121875
0.909828125
0.912921875
0.914875
0.918078125
0.92225
0.92409375
0.92609375
0.9283125
0.929625
0.927984375
0.929984375
0.930890625
0.932015625
0.932734375
0.931546875
0.933296875
0.9350625
0.9328125
0.934515625
0.934515625
0.936671875
0.936453125
0.936078125
0.9355625
0.935
0.93696875
0.93790625
0.9379375
0.93709375
0.938140625
0.938015625
0.939515625
0.93878125
0.938609375
0.937421875
0.939140625
0.94128125
0.9408125
0.942859375
0.943734375
0.9446875
0.943578125
0.944609375
0.943921875
0.9428125
0.9431875
0.94496875
0.944515625
0.945453125
0.94259375
0.944453125
0.94390625
0.944515625
0.945109375
0.945984375
0.94528125
0.94484375
0.945703125
0.94615625
0.946125
0.946765625
0.9455
0.946546875
0.94678125
0.94646875
0.94559375
0.945765625
0.9455625
0.946390625
0.94659375
0.9458125
0.944453125
0.945765625
0.946140625
0.947046875
0.946921875
0.944828125
0.945890625
0.946015625
0.946109375
0.9475625
0.94809375
0.94609375
0.946546875
0.948765625
0.946875
0.9481875
0.94684375
0.947234375
0.948671875
0.947046875
0.945734375
0.94675
0.9479375
0.94671875
0.9475625
0.947734375
0.946546875
0.947515625
0.9470625
0.94765625
0.94740625
0.948046875
0.94640625
0.948640625
0.948
0.94771875
0.949484375
0.947453125
0.94946875
0.949828125
0.94759375
0.947375
0.9504375
0.947546875
0.94778125
0.948140625
0.94809375
0.948859375
0.947328125
0.94875
0.94815625
0.948015625
0.950203125
0.947609375
0.947796875
0.947625
0.948765625
0.948703125
0.950203125
0.947484375
0.947375
0.948890625
0.949140625
0.95065625
0.947484375
0.949390625
0.949859375
0.948765625
0.9493125
0.947578125
0.947890625
0.949890625
0.947625
0.949015625
0.948328125
0.948140625
0.94721875
0.94978125
0.9484375
0.94771875
0.94959375
0.9503125
0.9488125
0.9475
0.949046875
0.9509375
0.9495
0.9495625
0.9491875
0.948859375
0.948171875
0.945640625
0.94821875
0.94803125
0.949265625
0.948078125
0.947609375
0.9490625
0.948171875
0.948546875
0.9476875
0.94778125
0.949984375
0.9479375
0.948484375
0.948609375
0.951625
0.94984375
0.948046875
0.949375
0.9478125
0.948921875
0.947421875
0.9495625
0.94940625
0.948953125
0.948921875
0.947953125
0.947953125
0.948859375
0.951109375
0.9498125
0.949546875
0.95053125
0.948703125
0.95046875
0.94884375
0.9485
0.949296875
0.947953125
0.949890625
0.949609375
0.948546875
0.9515
0.9480625
0.948515625
0.950265625
0.949578125
0.94953125
0.9491875
0.95059375
0.949640625
0.948203125
0.94915625
0.949265625
0.94884375
0.948453125
0.949375
0.94846875
0.950359375
0.948015625
0.948875
0.949140625
0.949921875
0.950125
0.9484375
0.948859375
0.9514375
0.948890625
0.948265625
0.95096875
0.9484375
0.948265625
0.948765625
0.94996875
0.94934375
0.949671875
0.949484375
0.948796875
0.949046875
0.949203125
0.948859375
0.95046875
0.948890625
0.949171875
0.950453125
0.948
0.948453125
0.94953125
0.95115625
0.9504375
0.948875
0.9505
0.949859375
0.94915625
0.9494375
0.9491875
0.949640625
0.948515625
0.948734375
0.950703125
0.948421875
0.950734375
0.95065625
0.9485
0.951625
0.9489375
0.948265625
0.950296875
0.94990625
0.950375
0.95021875
0.94925
0.94828125
0.950859375
0.950359375
0.94940625
0.948296875
0.94921875
0.951125
0.949296875
0.950375
0.94965625
0.94871875
0.951078125
0.94896875
0.950375
0.950328125
0.949546875
0.950625
0.949015625
0.950234375
0.95103125
0.94903125
0.94865625
