0.434355583206
0.295310564063
0.255608490206
0.240447537914
0.224442829095
0.217962890789
0.210442984745
0.203609721765
0.197143883776
0.192094023049
0.184943616975
0.184163191698
0.180922366444
0.181271271028
0.178019898914
0.177592766225
0.175988416281
0.172123265319
0.174364525419
0.171404475749
0.167858274361
0.170676932152
0.167160669342
0.167846989401
0.162125766091
0.164740251709
0.161684522931
0.164823050264
0.164808460202
0.162785863046
0.160883640224
0.16024626594
0.161285230417
0.16030923051
0.159014546968
0.156678665366
0.159493243884
0.158884327505
0.160725064181
0.157243669078
0.151816070272
0.153504417811
0.150764988098
0.145810068419
0.144161435489
0.145423572317
0.143740876246
0.1463622659
0.145084660407
0.146304028315
0.145735207066
0.144443838552
0.14260611959
0.144494520951
0.144792562742
0.144203993322
0.144486005045
0.141837663531
0.141469465503
0.142671653323
0.143107937396
0.143856634505
0.142540583918
0.14019013904
0.140194564015
0.140811788
0.142883075299
0.139176156761
0.140484961813
0.141238041192
0.141446183782
0.14293973382
0.140515877566
0.140191517364
0.140752885666
0.141963833045
0.140419118354
0.140949613256
0.14078743678
0.138686401028
0.141385809267
0.138666342454
0.140374160973
0.14087635258
0.136858566046
0.136836301068
0.140568941746
0.139556866057
0.136342958668
0.137773234526
0.136395703766
0.139009721879
0.137362548715
0.135653379811
0.138909088382
0.139246481722
0.139924819529
0.136211667089
0.140434157197
0.137093145849
0.13646659167
0.138400279079
0.137260729199
0.138506584933
0.137900890008
0.137945803618
0.135233346943
0.138165676314
0.13318328709
0.136370999314
0.137149972482
0.133396307707
0.135893308649
0.132441079956
0.132535568612
0.135319124749
0.134760698976
0.129444358057
0.135237331942
0.138157884348
0.13431113491
0.133077127101
0.133948002484
0.136521873228
0.134629041618
0.137410441695
0.135164231773
0.132553233496
0.137425728727
0.136467116732
0.135697039794
0.136938986633
0.134165166641
0.130595539158
0.134830633387
0.135562029818
0.132289531309
0.133794459693
0.132419335339
0.135804462336
0.132819763461
0.131544884926
0.132568807708
0.133527841831
0.135559887424
0.136554265507
0.131523651277
0.138495212777
0.133133842913
0.134651918769
0.134628500704
0.137005764998
0.135169102946
0.134971430926
0.136580680167
0.133190075433
0.130131736072
0.132188193148
0.139027446834
0.132436825885
0.131292344173
0.132759268422
0.132712367827
0.13251411953
0.134117662869
0.133920005525
0.137652982991
0.135235776881
0.133876012413
0.132392101182
0.136964386165
0.135292802336
0.133573102554
0.135713334104
0.134742623072
0.132734175194
0.133789388735
0.13231690447
0.136025731755
0.132964629544
0.134367612395
0.130578182988
0.133562280854
0.134538027752
0.132164419565
0.135437961088
0.130917302687
0.135328029685
0.132512613054
0.133406354146
0.133458832798
0.134471622385
0.134180649349
0.135883730667
0.133783386609
0.13147800659
0.131423532443
0.133313456254
0.130817274753
0.133471328853
0.131414020291
0.135082375346
0.134247878017
0.133181052024
0.135034247255
0.130147719955
0.131761129398
0.132710536458
0.13041396056
0.135359220747
0.133074674617
0.130311818652
0.133352664255
0.132268647688
0.132364988539
0.131802102553
0.131923792664
0.135855504015
0.131340040511
0.132782069728
0.132835997403
0.133321538795
0.131860782204
0.13447035175
0.130620221814
0.13387326346
0.132200467287
0.13188806965
0.131913612155
0.131353703097
0.134658879314
0.133965094337
0.127438079564
0.134504318194
0.134653294217
0.128786277911
0.133697215244
0.134175366748
0.132993024355
0.132551403824
0.133822294634
0.131634137454
0.132232844485
0.133988275897
0.132864981847
0.131813356264
0.13430081214
0.129792238457
0.132089213688
0.130357047373
0.128570624166
0.134050349794
0.134408864642
0.132838183115
0.129284710879
0.130268454097
0.13225772159
0.13113818847
0.132271961518
0.133461129535
0.131841980806
0.133251889192
0.130813786391
0.13356834016
0.132255579563
0.129203865602
0.133257999272
0.128649555762
0.129733044334
0.13345872174
0.12938951082
0.133548957342
0.133897648353
0.130626751332
0.130649983851
0.130924011234
0.133034265086
0.134413965989
0.132580734424
0.132015879769
0.131096113775
0.131005123472
0.133782120915
0.131507370723
0.129518793838
0.132424287116
0.130300764432
0.132624256088
0.133719225105
0.129943296719
0.133165624199
0.129993040286
0.130078082761
0.133674300324
0.127612034434
0.132879062764
0.131239520202
0.127888350328
0.133314896632
0.132152134284
